0 33.35682549
0.001 45.7764768
0.002 54.46435011
0.003 58.69247297
0.004 60.0344424
0.005 61.11659674
0.006 63.63508731
0.007 67.95390034
0.008 72.82420766
0.009 76.7116296
0.01 79.25340549
0.011 81.45325491
0.012 85.01468246
0.013 93.55549063
0.014 109.9716372
0.015 132.3034791
0.016 159.0264411
0.017 195.0537245
0.018 252.3147634
0.019 322.2687497
0.02 374.0393566
0.021 373.4988922
0.022 308.4985502
0.023 197.1457262
0.024 109.0120371
0.025 215.7825564
0.026 512.9350308
0.027 720.1829067
0.028 740.5710377
0.029 776.5603293
0.03 918.2673987
0.031 1011.685629
0.032 1021.244863
0.033 1003.41444
0.034 875.7202274
0.035 681.1603966
0.036 502.8904815
0.037 360.8267791
0.038 292.4267811
0.039 335.8771776
0.04 439.3448589
0.041 503.8831713
0.042 544.2243655
0.043 605.9353505
0.044 643.6073124
0.045 595.9067333
0.046 491.7404926
0.047 406.0542127
0.048 356.9650935
0.049 319.2453355
0.05 277.2717182
0.051 253.7449719
0.052 278.5585382
0.053 356.6219415
0.054 435.9550073
0.055 459.6153377
0.056 423.4128017
0.057 376.8066324
0.058 364.9629862
0.059 367.1616101
0.06 348.2367773
0.061 314.3860581
0.062 298.641509
0.063 325.8816501
0.064 395.5366039
0.065 455.9705733
0.066 465.9195302
0.067 435.6915156
0.068 414.6440426
0.069 437.2234442
0.07 471.9737119
0.071 470.3449654
0.072 432.728153
0.073 389.5228651
0.074 385.8584919
0.075 434.6252933
0.076 463.7785068
0.077 435.6228852
0.078 372.9743599
0.079 322.8263717
0.08 322.9158363
0.081 355.2787466
0.082 370.6433774
0.083 356.5263492
0.084 333.0388203
0.085 334.9053221
0.086 380.8791113
0.087 425.2327329
0.088 421.8355281
0.089 372.491496
0.09 309.5709002
0.091 287.3493571
0.092 321.3508181
0.093 364.6835625
0.094 372.1716293
0.095 350.7895831
0.096 335.0303275
0.097 361.4420016
0.098 416.7544274
0.099 441.6648115
0.1 413.6121355
0.101 347.6289081
0.102 289.1092366
0.103 287.5920146
0.104 326.3265221
0.105 351.7050636
0.106 346.6349928
0.107 324.7700827
0.108 318.3090207
0.109 352.3006774
0.11 394.4360664
0.111 397.4705105
0.112 354.5140078
0.113 293.108183
0.114 265.2356618
0.115 297.5997975
0.116 349.7343907
0.117 365.1455921
0.118 340.8835202
0.119 306.0964862
0.12 303.5240717
0.121 346.2906153
0.122 386.4124373
0.123 383.8694359
0.124 347.7036662
0.125 311.3981846
0.126 320.9525167
0.127 377.6424526
0.128 422.1872589
0.129 419.3219397
0.13 380.6989565
0.131 341.6556122
0.132 342.136025
0.133 375.4303478
0.134 396.0243699
0.135 387.3769395
0.136 361.6123521
0.137 344.0037523
0.138 362.4273381
0.139 415.4357433
0.14 461.3997281
0.141 467.1769371
0.142 435.0959018
0.143 387.8193605
0.144 357.4148678
0.145 371.7046975
0.146 422.0549002
0.147 461.6301302
0.148 461.3568341
0.149 430.6104149
0.15 385.9075137
0.151 366.0733281
0.152 395.4642969
0.153 440.4601029
0.154 449.4494597
0.155 423.5231006
0.156 386.1538478
0.157 367.8675228
0.158 389.7765525
0.159 435.0064371
0.16 452.9067161
0.161 434.7674563
0.162 402.2256168
0.163 389.0314224
0.164 406.2760359
0.165 435.1951707
0.166 440.7321734
0.167 415.2629417
0.168 384.8106528
0.169 387.5558688
0.17 422.7718428
0.171 450.1786577
0.172 443.0986966
0.173 415.0300886
0.174 396.5795409
0.175 407.0812176
0.176 429.2120705
0.177 431.4082433
0.178 413.4613937
0.179 403.6864639
0.18 413.3633503
0.181 429.8481273
0.182 430.8971919
0.183 411.3448812
0.184 379.2883567
0.185 362.1687485
0.186 399.8664468
0.187 497.9539949
0.188 571.3799441
0.189 564.4752357
0.19 495.4220234
0.191 394.954471
0.192 308.8907239
0.193 271.9467345
0.194 268.5005079
0.195 269.7615915
0.196 277.2423051
0.197 303.4909821
0.198 364.9029346
0.199 454.8381717
0.2 520.4917281
0.201 517.3089933
0.202 448.3624032
0.203 346.1361969
0.204 260.7477238
0.205 232.1337492
0.206 241.2848777
0.207 252.3686873
0.208 257.2537011
0.209 277.7435522
0.21 343.8481083
0.211 449.2901391
0.212 525.3877718
0.213 525.2468343
0.214 459.8175523
0.215 358.6980111
0.216 269.2480891
0.217 232.6227408
0.218 236.3520677
0.219 250.8588185
0.22 275.6282652
0.221 326.5177068
0.222 415.7347757
0.223 508.7926959
0.224 542.9424477
0.225 509.1456523
0.226 420.9200475
0.227 322.391304
0.228 270.2701918
0.229 281.2277705
0.23 312.6482383
0.231 329.0202653
0.232 325.8240495
0.233 323.7418522
0.234 349.9415074
0.235 403.7563198
0.236 436.3582109
0.237 421.1271643
0.238 372.7733709
0.239 318.6350151
0.24 296.9527109
0.241 325.1058814
0.242 367.7045256
0.243 379.1805089
0.244 359.6306493
0.245 339.406741
0.246 350.8618901
0.247 389.9383241
0.248 412.6929783
0.249 396.8001386
0.25 351.444023
0.251 304.9064841
0.252 302.1379827
0.253 348.5738016
0.254 389.2299603
0.255 386.8634371
0.256 354.4122878
0.257 322.7234261
0.258 327.152538
0.259 364.7889591
0.26 387.0693283
0.261 372.0601049
0.262 333.7888526
0.263 300.9835214
0.264 306.8796081
0.265 342.9191469
0.266 360.2679315
0.267 341.3847672
0.268 305.6798016
0.269 295.9428636
0.27 340.6616969
0.271 405.9475905
0.272 434.1032121
0.273 416.1195962
0.274 366.2277465
0.275 317.2599561
0.276 313.5857786
0.277 347.2440876
0.278 363.1001611
0.279 342.580897
0.28 308.9115581
0.281 301.7372302
0.282 343.9731137
0.283 400.5453975
0.284 418.803535
0.285 390.9199839
0.286 337.2105682
0.287 298.9086773
0.288 312.5673525
0.289 349.6780157
0.29 358.0999462
0.291 331.227468
0.292 294.7908533
0.293 286.1985723
0.294 327.0937119
0.295 377.5811755
0.296 389.6111042
0.297 362.2667919
0.298 319.8924221
0.299 305.1528182
0.3 347.0308431
0.301 405.7269927
0.302 425.8957515
0.303 402.8445159
0.304 352.832563
0.305 312.2266515
0.306 321.8005923
0.307 362.0045258
0.308 378.5003326
0.309 358.5288862
0.31 323.7565587
0.311 306.3023774
0.312 330.313213
0.313 375.335981
0.314 391.1540626
0.315 364.5303696
0.316 317.5749206
0.317 294.0310167
0.318 320.6596119
0.319 370.1948287
0.32 388.5289498
0.321 369.4190601
0.322 332.2091278
0.323 312.4619558
0.324 340.4950231
0.325 388.718909
0.326 401.1728755
0.327 371.8015154
0.328 323.8190614
0.329 295.3999481
0.33 320.7061826
0.331 375.8396791
0.332 399.8921832
0.333 384.1317021
0.334 346.1141371
0.335 318.8409063
0.336 334.4665778
0.337 372.5968927
0.338 383.3314226
0.339 354.5201355
0.34 309.7718892
0.341 289.9364781
0.342 323.1842302
0.343 375.550451
0.344 390.434669
0.345 362.8158351
0.346 316.9486682
0.347 289.6729863
0.348 310.4778019
0.349 355.1941841
0.35 373.0932375
0.351 357.6612019
0.352 326.9968941
0.353 316.4339402
0.354 359.6882498
0.355 427.6507289
0.356 455.4313344
0.357 428.2120275
0.358 365.0892171
0.359 298.2762972
0.36 269.2934342
0.361 281.8748571
0.362 300.0631387
0.363 299.0165251
0.364 294.0114081
0.365 314.5086123
0.366 380.4293371
0.367 454.1408378
0.368 478.9225399
0.369 439.950277
0.37 357.835229
0.371 271.5423053
0.372 233.8764711
0.373 249.7607321
0.374 277.6687941
0.375 287.3922511
0.376 288.5295549
0.377 308.5684061
0.378 370.7218121
0.379 448.8415905
0.38 482.0476742
0.381 452.7645531
0.382 376.4279397
0.383 291.0958416
0.384 246.7716331
0.385 258.3848772
0.386 287.2488626
0.387 300.8952823
0.388 300.8536138
0.389 314.4105689
0.39 368.2376367
0.391 439.9061575
0.392 473.0313554
0.393 446.4186922
0.394 376.451225
0.395 298.7836719
0.396 263.3005296
0.397 284.5318341
0.398 322.5702333
0.399 334.1454855
0.4 322.9158363
0.401 314.2892402
0.402 336.2570959
0.403 392.1112116
0.404 433.6656933
0.405 424.1346465
0.406 375.0210165
0.407 314.3689005
0.408 284.4129564
0.409 302.4137299
0.41 334.7496782
0.411 340.0538277
0.412 322.6854343
0.413 313.4472922
0.414 343.4179428
0.415 402.3052771
0.416 437.7700363
0.417 422.4470739
0.418 369.9448179
0.419 306.0229536
0.42 277.2312753
0.421 299.5778237
0.422 334.0045481
0.423 337.7216196
0.424 319.4622566
0.425 308.635811
0.426 333.4849179
0.427 395.4557181
0.428 443.5913649
0.429 437.9452889
0.43 386.788679
0.431 315.8726415
0.432 266.4121829
0.433 269.6586459
0.434 297.0384989
0.435 305.1736524
0.436 292.9133217
0.437 290.6999913
0.438 331.283843
0.439 408.522456
0.44 462.2698635
0.441 454.2082426
0.442 394.7252945
0.443 314.656903
0.444 261.3077969
0.445 265.972213
0.446 293.8251255
0.447 302.1367572
0.448 292.494186
0.449 293.6412941
0.45 338.463073
0.451 419.6797982
0.452 475.7459328
0.453 469.2615855
0.454 410.8264766
0.455 329.8450557
0.456 271.4087211
0.457 269.3767711
0.458 298.1439386
0.459 315.5209107
0.46 313.3320912
0.461 310.8307582
0.462 336.3624926
0.463 399.8492892
0.464 455.7953206
0.465 454.8492015
0.466 399.1911727
0.467 317.4315321
0.468 249.7925962
0.469 233.6705799
0.47 256.4791581
0.471 278.0867042
0.472 281.0231049
0.473 286.3223522
0.474 333.9481731
0.475 428.3027177
0.476 507.0561017
0.477 517.5994469
0.478 459.0025663
0.479 362.7496558
0.48 277.8783619
0.481 244.7065934
0.482 248.6822544
0.483 254.332007
0.484 256.4374896
0.485 275.3856077
0.486 337.9716303
0.487 430.513597
0.488 495.567863
0.489 495.6940939
0.49 434.2073832
0.491 337.9299619
0.492 254.0280723
0.493 225.1395761
0.494 236.445209
0.495 252.1211277
0.496 259.5356619
0.497 271.7089791
0.498 315.1789843
0.499 397.0195107
0.5 471.8033614
0.501 487.9927826
0.502 441.0250781
0.503 356.1880994
0.504 272.4394027
0.505 235.4390383
0.506 249.7337702
0.507 278.0143971
0.508 291.2220725
0.509 299.413601
0.51 332.6258124
0.511 403.2207576
0.512 472.834043
0.513 491.3164548
0.514 449.4678429
0.515 366.0095998
0.516 274.2961001
0.517 219.089071
0.518 218.6809653
0.519 243.2102055
0.52 264.4464122
0.521 282.2253624
0.522 321.9721683
0.523 403.8310779
0.524 498.5679919
0.525 543.4351159
0.526 516.6006295
0.527 430.025831
0.528 321.3949377
0.529 238.0212571
0.53 207.6290198
0.531 213.0569491
0.532 228.6801694
0.533 252.2522607
0.534 298.0520229
0.535 375.8421302
0.536 467.4146925
0.537 523.6082835
0.538 514.0098319
0.539 445.4492878
0.54 342.2328429
0.541 250.7816093
0.542 216.9566265
0.543 228.9166992
0.544 247.9493798
0.545 259.8126346
0.546 278.4850056
0.547 322.77735
0.548 390.5805086
0.549 446.2875591
0.55 452.8074471
0.551 406.9133182
0.552 331.4897342
0.553 267.0519163
0.554 253.8087002
0.555 280.5414665
0.556 302.5620206
0.557 300.3339837
0.558 291.9194064
0.559 307.4703197
0.56 358.3609869
0.561 405.0198545
0.562 408.2074915
0.563 370.8590729
0.564 318.1778877
0.565 289.8801031
0.566 310.5844241
0.567 351.0604281
0.568 363.6871961
0.569 342.6556551
0.57 308.4911969
0.571 298.3792428
0.572 336.9789406
0.573 385.8646197
0.574 393.6590722
0.575 358.0300903
0.576 304.432199
0.577 263.1203748
0.578 264.1657629
0.579 291.0982927
0.58 304.0216421
0.581 293.8055169
0.582 286.2782326
0.583 320.4083757
0.584 391.9764019
0.585 446.7716486
0.586 449.9629622
0.587 406.7160058
0.588 334.9114498
0.589 275.2262871
0.59 269.2370592
0.591 293.751593
0.592 301.8242438
0.593 287.8689873
0.594 277.0462183
0.595 293.6988946
0.596 359.6772199
0.597 432.3163706
0.598 454.1543187
0.599 415.7261969
0.6 343.781929
0.601 274.5240511
0.602 242.7408226
0.603 248.9396184
0.604 262.0517014
0.605 263.4929398
0.606 267.6328236
0.607 307.9862733
0.608 387.1551163
0.609 453.8736694
0.61 465.7307966
0.611 417.7520193
0.612 334.6344771
0.613 257.8407362
0.614 235.0468646
0.615 258.294187
0.616 285.3811353
0.617 293.8631174
0.618 295.0298342
0.619 313.4142026
0.62 367.5219197
0.621 433.1534163
0.622 458.5037703
0.623 427.7536745
0.624 358.8254676
0.625 286.6961427
0.626 256.4877369
0.627 276.995971
0.628 309.1640199
0.629 314.7243079
0.63 299.4675249
0.631 292.3495719
0.632 317.2060322
0.633 367.4814768
0.634 395.5991066
0.635 377.3336158
0.636 326.5875627
0.637 271.1121398
0.638 249.7533789
0.639 273.3242446
0.64 305.4751359
0.641 309.308634
0.642 290.9953471
0.643 282.6922942
0.644 311.1567526
0.645 368.4655877
0.646 407.8202199
0.647 399.8431615
0.648 356.7016018
0.649 301.8070862
0.65 276.9592047
0.651 296.0347793
0.652 323.3410997
0.653 319.6742755
0.654 291.8924445
0.655 273.7776955
0.656 294.7001631
0.657 357.3021178
0.658 409.5739718
0.659 412.0140276
0.66 371.3186515
0.661 311.9533555
0.662 272.1820387
0.663 282.2167836
0.664 309.9397886
0.665 310.9337038
0.666 283.9398969
0.667 257.8395106
0.668 262.6277066
0.669 311.1947445
0.67 363.969071
0.671 377.5983331
0.672 352.6377017
0.673 308.9863162
0.674 282.8222018
0.675 302.303431
0.676 342.2622559
0.677 352.0862074
0.678 323.0874123
0.679 281.6089143
0.68 263.4904887
0.681 289.7930895
0.682 334.9482161
0.683 352.1291014
0.684 336.1529247
0.685 307.021771
0.686 294.6462393
0.687 323.0702547
0.688 369.2438074
0.689 383.4025041
0.69 355.9037734
0.691 307.8343059
0.692 277.3158377
0.693 295.4514209
0.694 341.8210605
0.695 363.3636528
0.696 347.0663839
0.697 308.6162023
0.698 274.149035
0.699 275.5277707
0.7 310.0880793
0.701 332.1294675
0.702 322.0873694
0.703 296.5593117
0.704 285.5441325
0.705 312.2315537
0.706 368.3344546
0.707 404.9720583
0.708 396.2302611
0.709 354.4392497
0.71 304.5375957
0.711 284.0269104
0.712 303.9113433
0.713 329.3854771
0.714 325.8963566
0.715 301.0766626
0.716 282.0133435
0.717 292.9782754
0.718 339.2658036
0.719 379.6119
0.72 377.7196618
0.721 339.8822517
0.722 296.6083334
0.723 286.6360911
0.724 321.6559783
0.725 355.1574178
0.726 351.2761236
0.727 318.4303495
0.728 283.2511418
0.729 277.8134081
0.73 314.6323922
0.731 349.7270374
0.732 346.8899057
0.733 314.1090854
0.734 281.0476157
0.735 282.328308
0.736 331.2360468
0.737 378.6069549
0.738 380.46978
0.739 342.5073645
0.74 294.480791
0.741 273.4541522
0.742 295.8252115
0.743 331.4860575
0.744 340.3761454
0.745 319.9647291
0.746 291.2894774
0.747 287.6361341
0.748 335.0413574
0.749 395.340517
0.75 410.5066099
0.751 374.0148458
0.752 312.0575266
0.753 259.2893278
0.754 248.3145915
0.755 269.9846403
0.756 285.4902086
0.757 280.0916923
0.758 271.9553133
0.759 295.5237279
0.76 363.5621907
0.761 429.240258
0.762 442.0863982
0.763 395.7633293
0.764 316.6949808
0.765 242.737146
0.766 219.4506062
0.767 238.8166344
0.768 260.1839741
0.769 264.0701705
0.77 263.840994
0.771 288.3567533
0.772 353.4551388
0.773 424.7719287
0.774 448.0731751
0.775 410.5764658
0.776 336.5745115
0.777 260.2893708
0.778 224.6947041
0.779 237.7982083
0.78 262.0235139
0.781 266.8778892
0.782 259.9094525
0.783 270.9221806
0.784 320.9782531
0.785 387.1502141
0.786 417.7103508
0.787 392.5401516
0.788 328.4025917
0.789 257.5760189
0.79 220.3550568
0.791 234.2637427
0.792 267.6683643
0.793 284.5526683
0.794 283.0562805
0.795 285.0551409
0.796 311.2069999
0.797 368.588142
0.798 423.0243046
0.799 431.213382
0.8 389.8390551
0.801 321.6559783
0.802 253.3944667
0.803 220.7386517
0.804 233.5186126
0.805 260.7514005
0.806 272.2028729
0.807 275.336586
0.808 290.4573338
0.809 327.2236195
0.81 383.6414849
0.811 422.4568783
0.812 410.8301532
0.813 356.3302623
0.814 284.81616
0.815 228.096811
0.816 218.7851364
0.817 242.8449938
0.818 258.4461543
0.819 254.2437679
0.82 250.7191066
0.821 269.5495726
0.822 318.6117298
0.823 374.1190169
0.824 392.4923554
0.825 364.9360243
0.826 311.0464538
0.827 269.3755455
0.828 269.2125483
0.829 293.5297697
0.83 302.5485396
0.831 285.5392303
0.832 260.7256641
0.833 261.7440902
0.834 306.5217495
0.835 367.1897976
0.836 394.1112975
0.837 375.207299
0.838 325.8448838
0.839 273.5117527
0.84 255.0795881
0.841 275.1110861
0.842 298.1231043
0.843 298.8069573
0.844 288.2440034
0.845 287.2868544
0.846 311.7621708
0.847 361.5302407
0.848 400.1850879
0.849 393.6627489
0.85 348.3532039
0.851 288.0920361
0.852 243.6661075
0.853 242.6746433
0.854 268.0801467
0.855 281.2964009
0.856 275.9616129
0.857 275.0681921
0.858 301.5252113
0.859 352.974726
0.86 394.4348409
0.861 393.5561266
0.862 351.9501722
0.863 291.0909394
0.864 250.4985089
0.865 257.5000353
0.866 288.9021199
0.867 304.5363701
0.868 297.2480667
0.869 280.5206323
0.87 277.3464763
0.871 311.166557
0.872 365.7890021
0.873 390.2447098
0.874 371.1152114
0.875 321.605731
0.876 263.8691815
0.877 227.480363
0.878 229.8162477
0.879 250.3661503
0.88 261.4107425
0.881 264.2772873
0.882 287.1066996
0.883 347.8874976
0.884 432.9377208
0.885 490.1387081
0.886 482.643288
0.887 415.4492242
0.888 320.3250387
0.889 233.828675
0.89 183.6488227
0.891 171.975527
0.892 185.2395773
0.893 217.759357
0.894 270.3633331
0.895 336.9274678
0.896 398.6543849
0.897 439.0972992
0.898 441.2530291
0.899 402.4118993
0.9 338.6652876
0.901 278.9433586
0.902 257.0282013
0.903 282.0856505
0.904 327.7322198
0.905 357.3548162
0.906 365.5279615
0.907 353.0372287
0.908 322.7160729
0.909 304.2275333
0.91 313.2156646
0.911 327.4981411
0.912 318.6583005
0.913 288.5430358
0.914 255.1960147
0.915 247.8611407
0.916 284.1568179
0.917 331.5044407
0.918 347.5823374
0.919 331.5926798
0.92 296.2504749
0.921 266.7259219
0.922 280.3539585
0.923 327.4601493
0.924 354.6966137
0.925 339.1481515
0.926 298.7174926
0.927 259.3518305
0.928 247.7214288
0.929 268.9257713
0.93 294.5298127
0.931 296.6230399
0.932 284.1237283
0.933 281.5868546
0.934 309.7841446
0.935 374.1594598
0.936 435.1988474
0.937 445.1808939
0.938 398.2180917
0.939 319.0492486
0.94 242.9847057
0.941 210.4073254
0.942 221.276665
0.943 244.466387
0.944 259.766064
0.945 274.5975837
0.946 304.4848973
0.947 360.5412276
0.948 420.889409
0.949 441.2101351
0.95 407.8851737
0.951 335.0389063
0.952 250.9568619
0.953 194.6407166
0.954 191.3893514
0.955 218.7373402
0.956 245.0289111
0.957 264.3079258
0.958 289.4315544
0.959 330.9921638
0.96 388.3022244
0.961 430.8530724
0.962 426.1506645
0.963 377.9831535
0.964 305.3636115
0.965 237.4084857
0.966 217.6723435
0.967 248.9102054
0.968 288.6545602
0.969 305.5229321
0.97 303.6245662
0.971 295.7516789
0.972 302.4639771
0.973 333.8366487
0.974 353.5593099
0.975 336.7117723
0.976 290.9487765
0.977 241.9662795
0.978 217.1073682
0.979 238.5457894
0.98 288.1165469
0.981 316.9915622
0.982 311.6616763
0.983 292.1020123
0.984 279.5022062
0.985 293.4280497
0.986 329.4602352
0.987 345.0773278
0.988 324.8472919
0.989 281.8454441
0.99 245.9100765
0.991 248.4959719
0.992 289.3935626
0.993 326.0826391
0.994 328.1292957
0.995 303.2495501
0.996 274.4211055
0.997 270.7702133
0.998 307.1565807
0.999 345.3481728
1 344.1802305
1.001 306.6443038
1.002 256.8504975
1.003 223.1848353
1.004 227.4656565
1.005 251.744886
1.006 261.0933269
1.007 251.3000139
1.008 244.2225039
1.009 261.7404135
1.01 312.7340263
1.011 370.4595459
1.012 391.951891
1.013 368.4128894
1.014 315.0637833
1.015 268.9980783
1.016 267.0568185
1.017 300.1354457
1.018 323.4281133
1.019 315.8493562
1.02 288.8126553
1.021 263.2649889
1.022 263.6816734
1.023 294.0003782
1.024 319.0467975
1.025 313.0894337
1.026 284.0514213
1.027 256.9840817
1.028 257.1250191
1.029 293.6437452
1.03 329.4773928
1.031 325.2921639
1.032 286.9584089
1.033 249.2423275
1.034 241.4662581
1.035 264.9292761
1.036 287.7317265
1.037 284.2842744
1.038 256.7573563
1.039 231.3530784
1.04 246.1159677
1.041 306.9555917
1.042 363.2913458
1.043 372.2917325
1.044 339.0452059
1.045 289.405818
1.046 259.5295342
1.047 269.2260293
1.048 290.60685
1.049 289.1116877
1.05 263.5493148
1.051 237.4023579
1.052 244.611001
1.053 287.6986368
1.054 323.6376811
1.055 318.5761891
1.056 279.1566031
1.057 237.4403498
1.058 234.1031966
1.059 271.9577643
1.06 306.8269097
1.061 305.1810057
1.062 271.8682997
1.063 233.5480257
1.064 231.4646028
1.065 274.5963581
1.066 318.2354882
1.067 323.4330154
1.068 294.9563016
1.069 258.1005513
1.07 250.9936282
1.071 293.3618703
1.072 345.4756293
1.073 359.0019458
1.074 330.9713295
1.075 284.4227607
1.076 246.8635488
1.077 246.1698915
1.078 272.3670957
1.079 287.6679982
1.08 276.7998842
1.081 253.6812437
1.082 244.9308677
1.083 269.0765131
1.084 316.5503667
1.085 347.1570741
1.086 334.9629226
1.087 289.7232336
1.088 243.6661075
1.089 229.9167422
1.09 259.6324798
1.091 302.9296834
1.092 317.2084833
1.093 295.8350158
1.094 262.3017122
1.095 241.7089155
1.096 249.9531423
1.097 277.5756528
1.098 293.8226745
1.099 284.7744915
1.1 263.454948
1.101 253.2927466
1.102 269.9919936
1.103 313.4374879
1.104 348.4108044
1.105 344.7108905
1.106 307.4372301
1.107 264.8496158
1.108 252.4642797
1.109 282.0770717
1.11 318.5590315
1.111 323.0469694
1.112 292.1412297
1.113 253.0353826
1.114 239.2517021
1.115 264.2307166
1.116 300.9381763
1.117 310.6309947
1.118 287.9106557
1.119 254.2572489
1.12 244.1465203
1.121 279.4298991
1.122 330.0313382
1.123 345.6423031
1.124 316.0883371
1.125 262.5652039
1.126 217.7262674
1.127 207.1620879
1.128 223.8588838
1.129 241.9135812
1.13 245.954196
1.131 239.5151938
1.132 241.4662581
1.133 271.0704713
1.134 324.964944
1.135 364.2582991
1.136 355.8670071
1.137 307.2877138
1.138 249.4960149
1.139 224.2412532
1.14 244.3916289
1.141 281.6763192
1.142 295.9134506
1.143 281.9876071
1.144 253.6395753
1.145 242.007948
1.146 270.8976698
1.147 316.8665568
1.148 331.9407339
1.149 305.7901005
1.15 258.7684721
1.151 224.5280302
1.152 233.5639577
1.153 273.6490135
1.154 300.2592255
1.155 290.1337905
1.156 254.8847268
1.157 231.1716981
1.158 247.7471652
1.159 294.9599782
1.16 325.2762319
1.161 312.1040973
1.162 267.2026581
1.163 225.7707307
1.164 221.4335345
1.165 248.7999065
1.166 274.277717
1.167 277.5033458
1.168 262.2882312
1.169 251.5806633
1.17 271.5226966
1.171 320.4402398
1.172 356.0005913
1.173 349.3409914
1.174 305.2300274
1.175 248.8329962
1.176 217.6490582
1.177 228.7487998
1.178 254.4447569
1.179 261.9058618
1.18 249.2668383
1.181 230.0760627
1.182 228.4448652
1.183 270.961398
1.184 335.1344986
1.185 363.5499353
1.186 341.8713077
1.187 290.1227606
1.188 236.1841683
1.189 211.9784714
1.19 225.5648395
1.191 250.114914
1.192 256.5882314
1.193 248.8722135
1.194 247.3598937
1.195 267.9710734
1.196 313.1519364
1.197 351.0714579
1.198 346.969566
1.199 304.1760605
1.2 248.2030671
1.201 211.0740207
1.202 216.1097763
1.203 248.0805129
1.204 272.4418538
1.205 271.5472075
1.206 252.9544968
1.207 237.7259013
1.208 253.3577004
1.209 301.6698254
1.21 338.9116217
1.211 331.14168
1.212 286.9277703
1.213 229.8248265
1.214 194.8355779
1.215 209.9636789
1.216 257.5539591
1.217 291.2404557
1.218 291.6032163
1.219 272.0570333
1.22 253.3491216
1.221 262.9120325
1.222 302.4713304
1.223 328.1354234
1.224 311.2315107
1.225 263.6375539
1.226 214.5901032
1.227 195.1174527
1.228 217.3855665
1.229 259.7648385
1.23 279.8122685
1.231 268.5495297
1.232 246.6466277
1.233 239.7149573
1.234 268.1879945
1.235 320.6559353
1.236 350.6302625
1.237 333.3182441
1.238 280.1615482
1.239 224.6248481
1.24 205.947575
1.241 234.715968
1.242 277.0976911
1.243 290.2845322
1.244 270.7885965
1.245 241.2934565
1.246 233.1460476
1.247 268.1818668
1.248 321.3446904
1.249 340.7217485
1.25 312.783048
1.251 258.7905319
1.252 212.697865
1.253 208.0714407
1.254 244.0852431
1.255 278.4592692
1.256 279.1320922
1.257 252.3294699
1.258 228.0600447
1.259 234.8078837
1.26 279.1039047
1.261 322.2307579
1.262 323.4489475
1.263 283.4178156
1.264 227.8308682
1.265 194.2620238
1.266 212.4552075
1.267 263.0774808
1.268 297.2480667
1.269 292.7785119
1.27 264.2282655
1.271 241.6047444
1.272 251.4458535
1.273 283.8737175
1.274 299.6525818
1.275 279.1578286
1.276 233.8703434
1.277 196.1505854
1.278 198.041598
1.279 239.8644735
1.28 284.6421329
1.281 296.9306511
1.282 275.5706647
1.283 241.0103561
1.284 225.0047664
1.285 245.5436391
1.286 283.5440465
1.287 296.2480238
1.288 273.8745134
1.289 234.1767291
1.29 208.3827286
1.291 228.2965745
1.292 286.9657622
1.293 330.9786828
1.294 327.8082034
1.295 285.7279639
1.296 227.0036268
1.297 184.9687323
1.298 192.9016713
1.299 232.9720205
1.3 259.4890913
1.301 257.4007663
1.302 240.0617859
1.303 227.7818465
1.304 246.082878
1.305 293.9133646
1.306 324.0580423
1.307 307.9519581
1.308 259.0944665
1.309 206.2159689
1.31 182.5053912
1.311 206.3385231
1.312 259.2795235
1.313 292.3716317
1.314 285.1507332
1.315 256.2340495
1.316 233.2453166
1.317 248.4518523
1.318 304.2287589
1.319 350.4562354
1.32 343.3701466
1.321 294.0653319
1.322 233.3654198
1.323 189.6674637
1.324 186.859745
1.325 216.327923
1.326 239.5262237
1.327 238.8105067
1.328 229.7390385
1.329 230.5527989
1.33 256.1053675
1.331 307.1332954
1.332 347.5357668
1.333 342.6188889
1.334 298.4809629
1.335 243.1820181
1.336 208.8986822
1.337 221.0058201
1.338 267.8693534
1.339 301.9198361
1.34 297.1549255
1.341 271.0398327
1.342 243.1979501
1.343 236.2540243
1.344 268.7885105
1.345 315.7231253
1.346 327.5312307
1.347 296.4012166
1.348 249.9286315
1.349 208.9624104
1.35 196.3564766
1.351 222.0928766
1.352 258.0282442
1.353 267.7406714
1.354 253.5219231
1.355 234.7171935
1.356 226.7756758
1.357 250.1553569
1.358 296.9943794
1.359 319.1534198
1.36 295.8288881
1.361 247.6809859
1.362 204.0271493
1.363 191.2557672
1.364 226.5685591
1.365 284.3075597
1.366 310.925125
1.367 296.0556135
1.368 265.8619142
1.369 240.6586253
1.37 241.8375975
1.371 272.6930901
1.372 292.2956481
1.373 271.1648381
1.374 221.8526702
1.375 177.8532305
1.376 165.0389544
1.377 196.1750962
1.378 253.4447139
1.379 290.1950676
1.38 283.0550549
1.381 252.8454235
1.382 225.0881033
1.383 224.3907694
1.384 261.095778
1.385 300.9896491
1.386 301.1403909
1.387 263.382641
1.388 216.1146785
1.389 187.1881905
1.39 197.5035847
1.391 240.5213645
1.392 278.0854786
1.393 281.7302431
1.394 260.9058189
1.395 234.1828569
1.396 224.434889
1.397 255.2585174
1.398 308.8171913
1.399 334.5229527
1.4 314.7402399
1.401 268.3277064
1.402 216.3585615
1.403 187.5485001
1.404 203.9781276
1.405 246.8218803
1.406 266.5249329
1.407 252.8993474
1.408 226.7254286
1.409 204.4524127
1.41 209.7136682
1.411 253.0476381
1.412 296.4379829
1.413 297.2358113
1.414 267.1131934
1.415 234.9978429
1.416 222.9483055
1.417 252.6468855
1.418 307.4592898
1.419 331.1956039
1.42 302.8720829
1.421 251.6468426
1.422 211.5017352
1.423 198.226655
1.424 206.4243111
1.425 217.100015
1.426 212.5226124
1.427 202.4866419
1.428 216.5669038
1.429 261.0786204
1.43 302.7041835
1.431 315.2929598
1.432 296.4036677
1.433 257.3848342
1.434 231.0123775
1.435 242.0349099
1.436 264.0481107
1.437 259.0184829
1.438 233.1435965
1.439 210.8350399
1.44 206.1436618
1.441 232.0087438
1.442 272.3536147
1.443 287.7795226
1.444 268.4355542
1.445 234.8997994
1.446 218.8660222
1.447 233.1068302
1.448 262.6755027
1.449 276.0853927
1.45 263.2220949
1.451 237.3496596
1.452 225.421451
1.453 232.6913712
1.454 238.2173439
1.455 225.9766219
1.456 204.3494671
1.457 197.5415765
1.458 214.5214728
1.459 237.8864474
1.46 240.1291908
1.461 221.0266543
1.462 209.5188069
1.463 226.1151082
1.464 261.4487343
1.465 277.6540875
1.466 262.5076034
1.467 233.3360067
1.468 222.3539172
1.469 236.4550133
1.47 249.972751
1.471 238.8056045
1.472 211.2737842
1.473 198.9190867
1.474 212.4098625
1.475 233.957357
1.476 236.6474235
1.477 222.7987893
1.478 216.5240098
1.479 227.7426291
1.48 245.9468427
1.481 250.0315771
1.482 234.3924247
1.483 215.7359858
1.484 209.3018858
1.485 214.5815244
1.486 217.0779552
1.487 213.8768373
1.488 215.4712685
1.489 223.3980797
1.49 230.2022937
1.491 228.1507349
1.492 221.3048525
1.493 223.9728593
1.494 235.6424784
1.495 238.5494661
1.496 224.97903
1.497 209.1425652
1.498 209.0641305
1.499 218.8182261
1.5 218.4015415
1.501 206.5811806
1.502 202.9584759
1.503 213.3608837
1.504 219.4800192
1.505 211.1512299
1.506 197.9325247
1.507 197.1567561
1.508 204.6350186
1.509 205.0602819
1.51 199.6458336
1.511 201.8211722
1.512 209.9845131
1.513 207.8471664
1.514 199.0477687
1.515 198.8627117
1.516 209.4746873
1.517 212.8939519
1.518 204.5087877
1.519 198.0244404
1.52 202.188835
1.521 207.7846637
1.522 204.7747305
1.523 201.615281
1.524 205.9647326
1.525 211.1402001
1.526 209.3594863
1.527 205.4990263
1.528 204.0492091
1.529 201.7562184
1.53 196.5917808
1.531 192.5977366
1.532 194.1149587
1.533 197.8430601
1.534 196.3319657
1.535 190.7471669
1.536 189.1674422
1.537 193.4360079
1.538 197.0133675
1.539 195.6358574
1.54 191.5498975
1.541 189.2581323
1.542 189.4603469
1.543 190.7251071
1.544 191.8305468
1.545 193.5119916
1.546 192.950693
1.547 189.4578958
1.548 188.3279453
1.549 191.8673131
1.55 193.6075839
1.551 188.8426733
1.552 184.1892871
1.553 183.8289775
1.554 183.9637872
1.555 182.4539184
1.556 181.9011986
1.557 180.5678079
1.558 177.5541981
1.559 176.5026823
1.56 177.6988121
1.561 177.8495539
1.562 176.9402011
1.563 175.8151527
1.564 175.4376855
1.565 176.9683886
1.566 179.9918028
1.567 179.2172597
1.568 174.4682811
1.569 171.7806657
1.57 171.1225491
1.571 168.8258818
1.572 166.9066817
1.573 166.9581545
1.574 166.5855895
1.575 165.5867721
1.576 166.914035
1.577 168.672689
1.578 167.3442005
1.579 164.4703025
1.58 162.4984041
1.581 161.7790104
1.582 162.2692275
1.583 162.340309
1.584 159.3990062
1.585 155.6684537
1.586 154.63287
1.587 154.5532097
1.588 153.4673787
1.589 153.1291289
1.59 153.5654222
1.591 152.4783657
1.592 150.8410404
1.593 151.3202277
1.594 151.8766241
1.595 150.3704319
1.596 148.8446311
1.597 149.6314296
1.598 150.8410404
1.599 151.2687549
1.6 150.3900406
1.601 148.4818704
1.602 146.469529
1.603 145.2599182
1.604 145.0013287
1.605 145.0748613
1.606 144.8040163
1.607 144.1765383
1.608 143.7598538
1.609 144.6361169
1.61 146.3959965
1.611 146.2611867
1.612 144.3750763
1.613 143.3701311
1.614 142.780645
1.615 141.8247216
1.616 141.7450613
1.617 141.4889229
1.618 140.6249151
1.619 140.0819997
1.62 140.9594883
1.621 141.9337949
1.622 142.1335584
1.623 141.8455558
1.624 140.306274
1.625 138.2081446
1.626 137.6738079
1.627 138.9214106
1.628 139.4949646
1.629 138.8221416
1.63 137.7117998
1.631 136.6909226
1.632 135.3857194
1.633 134.4199917
1.634 134.2839564
1.635 134.759467
1.636 134.0768397
1.637 133.1319461
1.638 132.8917397
1.639 132.2017591
1.64 131.1367623
1.641 131.1110259
1.642 131.0350423
1.643 130.2200563
1.644 128.9834835
1.645 127.6758293
1.646 126.1978246
1.647 125.521325
1.648 126.7775064
1.649 127.4258186
1.65 126.0666915
1.651 124.5568227
1.652 123.6854618
1.653 122.8177774
1.654 122.1277968
1.655 121.6804737
1.656 121.1351071
1.657 120.3054146
1.658 119.1141869
1.659 118.658285
1.66 118.5492117
1.661 117.4560274
1.662 116.1042537
1.663 115.1887731
1.664 114.4313877
1.665 113.4632088
1.666 113.1874617
1.667 113.7561135
1.668 114.0196053
1.669 114.2512329
1.67 115.1581346
1.671 114.7720886
1.672 112.5121875
1.673 111.0035443
1.674 110.6689711
1.675 110.3711642
1.676 110.8797645
1.677 111.5280766
1.678 110.2620909
1.679 108.6615319
1.68 109.2657245
1.681 109.6248086
1.682 108.5340754
1.683 108.7252601
1.684 109.4348494
1.685 107.8465459
1.686 106.9224866
1.687 108.2546517
1.688 108.980173
1.689 108.3036734
1.69 108.5892249
1.691 108.8956106
1.692 107.9274317
1.693 107.8575758
1.694 107.6810976
1.695 106.3170684
1.696 105.6454709
1.697 106.0364191
1.698 105.7557698
1.699 105.248395
1.7 105.9677887
1.701 106.2533402
1.702 104.1552108
1.703 102.8022115
1.704 103.4370427
1.705 103.0963418
1.706 101.358522
1.707 100.7028566
1.708 100.3633812
1.709 99.43932189
1.71 99.74448206
1.711 100.8879135
1.712 100.6795713
1.713 99.89644937
1.714 99.50305011
1.715 97.74562166
1.716 96.19530994
1.717 97.0090704
1.718 97.97479817
1.719 96.96740194
1.72 96.339924
1.721 95.84603023
1.722 93.08610771
1.723 90.35682377
1.724 91.18529074
1.725 92.41451023
1.726 91.71227417
1.727 91.74904046
1.728 92.40348034
1.729 91.26740211
1.73 89.777142
1.731 90.20730754
1.732 90.22078851
1.733 88.90823211
1.734 88.01113474
1.735 87.07604554
1.736 85.43136703
1.737 85.13233457
1.738 85.6250028
1.739 85.40563063
1.74 84.91786457
1.741 85.41543497
1.742 85.30268503
1.743 84.02812046
1.744 83.95458789
1.745 84.36637029
1.746 83.31608006
1.747 82.99008566
1.748 83.64207446
1.749 83.300148
1.75 82.76336023
1.751 83.36142514
1.752 83.51339246
1.753 83.13837634
1.754 83.35529743
1.755 82.6481592
1.756 80.84293457
1.757 80.27305714
1.758 80.40786686
1.759 79.80367423
1.76 79.7056308
1.761 81.15789909
1.762 81.93979543
1.763 80.99857851
1.764 80.06471486
1.765 79.97034806
1.766 79.396794
1.767 78.53278629
1.768 78.33424834
1.769 78.07688434
1.77 77.60995251
1.771 78.0499224
1.772 79.13452783
1.773 78.70436229
1.774 77.97761537
1.775 78.21782177
1.776 77.07684137
1.777 74.71644583
1.778 74.5583508
1.779 75.4591248
1.78 74.68213063
1.781 73.5717888
1.782 73.92597069
1.783 74.6612964
1.784 75.04121469
1.785 75.56942366
1.786 75.11229617
1.787 73.6833132
1.788 72.37443343
1.789 71.84377337
1.79 71.40257794
1.791 71.08026017
1.792 71.34497743
1.793 71.09741777
1.794 70.07654057
1.795 70.003008
1.796 70.66235006
1.797 69.86084503
1.798 68.39999794
1.799 67.91345743
1.8 67.6352592
1.801 66.92076771
1.802 67.10705023
1.803 67.44039789
1.804 66.26877891
1.805 65.19888
1.806 65.3618772
1.807 65.25525497
1.808 64.46600537
1.809 63.74661171
1.81 63.26374783
1.811 62.89240834
1.812 62.99290286
1.813 63.47331566
1.814 63.1657044
1.815 62.47572377
1.816 62.55906069
1.817 62.711028
1.818 62.49900909
1.819 62.29189234
1.82 62.26247931
1.821 61.8617268
1.822 61.60313726
1.823 61.63622691
1.824 61.10556686
1.825 59.69864366
1.826 59.21823086
1.827 60.06508097
1.828 60.51362966
1.829 60.41436069
1.83 60.32734714
1.831 60.11655377
1.832 58.85301909
1.833 58.10666349
1.834 58.61403823
1.835 58.75742674
1.836 58.46084537
1.837 58.77213326
1.838 59.19984771
1.839 58.97434783
1.84 59.13734503
1.841 59.67290726
1.842 59.3395596
1.843 58.36402749
1.844 57.87993806
1.845 57.61399526
1.846 56.73282994
1.847 56.48036811
1.848 56.87989509
1.849 56.44115074
1.85 55.14330086
1.851 55.39943931
1.852 56.12373514
1.853 55.58694737
1.854 54.8700048
1.855 55.63964571
1.856 55.61513486
1.857 53.47656257
1.858 52.74859011
1.859 53.37974469
1.86 53.20326651
1.861 52.50715817
1.862 53.1714024
1.863 53.44837509
1.864 51.71178086
1.865 50.15411589
1.866 50.59898794
1.867 51.09165617
1.868 51.172542
1.869 51.65050371
1.87 51.5500092
1.871 49.98744206
1.872 49.16387726
1.873 49.59159171
1.874 49.31584457
1.875 48.31457606
1.876 48.39668743
1.877 48.45551349
1.878 47.43586183
1.879 46.8917208
1.88 47.47875583
1.881 47.96529634
1.882 47.40522326
1.883 47.16869349
1.884 47.39174229
1.885 46.53018566
1.886 45.21150154
1.887 44.92227343
1.888 45.05095543
1.889 44.90511583
1.89 44.80952349
1.891 45.08036846
1.892 45.10855594
1.893 44.54848286
1.894 44.42470303
1.895 44.5411296
1.896 43.77639086
1.897 43.05577166
1.898 43.5459888
1.899 43.8205104
1.9 43.41240463
1.901 43.25308406
1.902 43.35357857
1.903 42.96875811
1.904 42.53001377
1.905 42.64276371
1.906 42.54349474
1.907 42.16357646
1.908 42.13784006
1.909 42.47241326
1.91 42.1047504
1.911 41.45398714
1.912 41.58266914
1.913 42.16970417
1.914 42.18808731
1.915 42.10842703
1.916 42.06308194
1.917 41.39148446
1.918 40.277466
1.919 39.98333571
1.92 40.00049331
1.921 39.83872166
1.922 39.8227896
1.923 40.36570509
1.924 40.6120392
1.925 39.84117274
1.926 39.57155331
1.927 39.89019446
1.928 39.74925703
1.929 39.1021704
1.93 39.290904
1.931 39.65243914
1.932 39.23330349
1.933 38.2528692
1.934 37.77735857
1.935 37.82760583
1.936 37.93300251
1.937 38.004084
1.938 37.95996446
1.939 37.3263588
1.94 36.80427754
1.941 36.6829488
1.942 36.84104383
1.943 37.24302189
1.944 37.59842931
1.945 37.19645126
1.946 36.23317457
1.947 35.80178349
1.948 35.8508052
1.949 35.94026983
1.95 36.17434851
1.951 36.32141366
1.952 35.67310149
1.953 34.06273817
1.954 32.79430131
1.955 33.05043977
1.956 34.20735223
1.957 34.91449046
1.958 34.63016451
1.959 34.21593103
1.96 34.2894636
1.961 33.99655886
1.962 33.7318416
1.963 34.12401531
1.964 34.43897983
1.965 33.79924646
1.966 32.67297257
1.967 32.27099451
1.968 32.30653526
1.969 32.29550537
1.97 32.50629874
1.971 32.31143743
1.972 31.59204377
