0	24.53904463	
0.001	30.0858516	
0.002	31.00991091	
0.003	25.64448429	
0.004	15.97495114	
0.005	8.099612743	
0.006	9.991850914	
0.007	25.79890269	
0.008	49.6455156	
0.009	69.88903251	
0.01	78.99481594	
0.011	77.67368074	
0.012	72.3879144	
0.013	70.6807332	
0.014	76.96409143	
0.015	90.377658	
0.016	106.7313019	
0.017	122.6167884	
0.018	137.5953732	
0.019	152.8644117	
0.02	168.9055421	
0.021	184.5802353	
0.022	198.7315786	
0.023	244.3401561	
0.024	347.9450981	
0.025	454.9913645	
0.026	505.8170779	
0.027	477.1430517	
0.028	379.4072343	
0.029	271.3682782	
0.03	201.8346531	
0.031	191.3243976	
0.032	234.1142265	
0.033	303.8574194	
0.034	370.0967853	
0.035	417.2421934	
0.036	449.9543834	
0.037	483.5477386	
0.038	533.8403409	
0.039	601.7243853	
0.04	672.1636865	
0.041	706.0413677	
0.042	670.661171	
0.043	567.4496282	
0.044	435.545676	
0.045	324.6806181	
0.046	265.3606671	
0.047	262.840951	
0.048	306.6994533	
0.049	368.7511392	
0.05	415.3254444	
0.051	424.7327114	
0.052	403.074918	
0.053	375.8703177	
0.054	370.8701028	
0.055	386.1648777	
0.056	389.8831747	
0.057	361.2017952	
0.058	311.2903368	
0.059	277.4874137	
0.06	288.3248892	
0.061	325.2970661	
0.062	343.6753068	
0.063	326.0323918	
0.064	279.3637198	
0.065	237.0126353	
0.066	215.3193012	
0.067	210.7014557	
0.068	210.9980371	
0.069	209.1290842	
0.07	210.1217739	
0.071	215.2617007	
0.072	215.5962739	
0.073	202.644737	
0.074	180.9219898	
0.075	163.297458	
0.076	161.4995866	
0.077	175.2820416	
0.078	193.5953285	
0.079	203.802875	
0.08	200.129923	
0.081	186.2580034	
0.082	173.6471674	
0.083	169.3099713	
0.084	173.1287628	
0.085	179.6412975	
0.086	183.728483	
0.087	185.4589495	
0.088	189.3806866	
0.089	198.3822989	
0.09	209.9967686	
0.091	220.804831	
0.092	230.5809864	
0.093	240.4944026	
0.094	250.6271909	
0.095	255.6592699	
0.096	253.2743635	
0.097	245.7801689	
0.098	239.9367806	
0.099	242.2579587	
0.1	249.1700205	
0.101	252.6272769	
0.102	250.4862535	
0.103	244.6134521	
0.104	241.2934565	
0.105	244.8291477	
0.106	255.3626885	
0.107	268.044606	
0.108	275.8745993	
0.109	276.5069794	
0.11	272.3732234	
0.111	271.9896285	
0.112	279.8318772	
0.113	290.2894344	
0.114	296.7553985	
0.115	295.4649019	
0.116	288.6030874	
0.117	284.459527	
0.118	287.0111073	
0.119	295.2124401	
0.12	302.0276839	
0.121	299.9614186	
0.122	288.4290603	
0.123	275.6993467	
0.124	271.3070011	
0.125	279.3931329	
0.126	294.2307802	
0.127	305.4898425	
0.128	305.1307584	
0.129	293.7258566	
0.13	279.0426276	
0.131	272.3646446	
0.132	278.0854786	
0.133	292.3385421	
0.134	302.6821238	
0.135	301.7825753	
0.136	290.250217	
0.137	272.9173644	
0.138	258.8922519	
0.139	254.1150859	
0.14	261.4842751	
0.141	277.6381555	
0.142	290.4095376	
0.143	290.1558502	
0.144	275.8611183	
0.145	255.0489495	
0.146	240.8216225	
0.147	241.7236221	
0.148	253.50354	
0.149	264.9586891	
0.15	267.1046146	
0.151	257.6863178	
0.152	246.3157311	
0.153	243.6207624	
0.154	251.7792012	
0.155	266.2491857	
0.156	275.9469063	
0.157	275.5816946	
0.158	266.9220087	
0.159	258.0429507	
0.16	258.0392741	
0.161	269.0348446	
0.162	284.6421329	
0.163	294.2871552	
0.164	291.8483249	
0.165	281.0071728	
0.166	271.0324795	
0.167	267.8080762	
0.168	270.2812217	
0.169	276.2630964	
0.17	283.3209977	
0.171	288.1275768	
0.172	287.4265663	
0.173	282.3638487	
0.174	275.3905099	
0.175	270.360882	
0.176	272.1501746	
0.177	283.1126554	
0.178	297.2787053	
0.179	305.2618915	
0.18	301.2764261	
0.181	287.2194495	
0.182	274.1527116	
0.183	271.0006154	
0.184	279.3183747	
0.185	296.6904447	
0.186	310.4140737	
0.187	309.6959055	
0.188	295.3693095	
0.189	276.5903163	
0.19	266.4514003	
0.191	271.5680417	
0.192	288.8543237	
0.193	304.9187395	
0.194	308.0830911	
0.195	296.9036892	
0.196	283.4227178	
0.197	280.9250614	
0.198	291.7417027	
0.199	308.8220935	
0.2	318.3702979	
0.201	311.5121601	
0.202	290.006334	
0.203	267.143832	
0.204	256.7328454	
0.205	265.7699985	
0.206	288.8151063	
0.207	306.3942931	
0.208	303.9052155	
0.209	280.8797163	
0.21	249.5193002	
0.211	229.0441557	
0.212	233.943876	
0.213	261.4475088	
0.214	289.8310814	
0.215	296.6928958	
0.216	278.1332748	
0.217	246.2850926	
0.218	223.5806856	
0.219	225.0427582	
0.22	248.3342002	
0.221	277.081759	
0.222	290.2379616	
0.223	281.0390369	
0.224	256.0134518	
0.225	231.0761057	
0.226	224.3760629	
0.227	243.6697841	
0.228	277.4481963	
0.229	299.8327366	
0.23	292.9292537	
0.231	261.43893	
0.232	226.3430592	
0.233	210.467377	
0.234	225.4655705	
0.235	264.3324367	
0.236	298.3057102	
0.237	302.9872839	
0.238	277.6430577	
0.239	244.0153872	
0.24	228.4215799	
0.241	241.2260517	
0.242	272.6783835	
0.243	296.3619993	
0.244	296.5446051	
0.245	274.4088501	
0.246	248.4616567	
0.247	237.8778686	
0.248	248.7631402	
0.249	276.6491424	
0.25	302.1833278	
0.251	308.5892403	
0.252	293.0358759	
0.253	266.7124409	
0.254	246.8071738	
0.255	249.5683219	
0.256	278.0413591	
0.257	312.8455507	
0.258	325.8412071	
0.259	306.4616979	
0.26	267.1487342	
0.261	236.3116248	
0.262	236.4917796	
0.263	269.0201381	
0.264	307.5830697	
0.265	319.2771996	
0.266	295.9624723	
0.267	253.5611405	
0.268	221.534029	
0.269	220.9457685	
0.27	253.0243527	
0.271	293.4562371	
0.272	309.5145252	
0.273	292.9635689	
0.274	254.4508846	
0.275	219.9457255	
0.276	212.7064438	
0.277	237.7099692	
0.278	277.4163322	
0.279	302.3218142	
0.28	294.2013672	
0.281	260.1925529	
0.282	222.3723003	
0.283	208.2466934	
0.284	229.4927043	
0.285	270.9025719	
0.286	298.8106339	
0.287	293.6903158	
0.288	259.4743848	
0.289	220.3280949	
0.29	205.5921675	
0.291	225.2082065	
0.292	269.1843609	
0.293	305.933489	
0.294	311.9741897	
0.295	287.676577	
0.296	252.945918	
0.297	231.2440051	
0.298	237.0420483	
0.299	264.5726431	
0.3	291.8899934	
0.301	299.8020981	
0.302	284.7463041	
0.303	258.7758254	
0.304	244.3940799	
0.305	254.7057975	
0.306	283.4741906	
0.307	305.6467119	
0.308	302.0129774	
0.309	275.0436813	
0.31	242.4944885	
0.311	225.6714617	
0.312	236.9979288	
0.313	274.650282	
0.314	312.0869397	
0.315	320.3961202	
0.316	294.2565166	
0.317	253.1836733	
0.318	223.3380281	
0.319	224.6285247	
0.32	255.9840387	
0.321	294.2798019	
0.322	311.697217	
0.323	299.6734161	
0.324	269.3265238	
0.325	242.7996487	
0.326	239.734566	
0.327	264.2846405	
0.328	294.4697611	
0.329	304.276555	
0.33	287.6827047	
0.331	256.6446063	
0.332	234.9782342	
0.333	237.732029	
0.334	260.5222239	
0.335	282.8883811	
0.336	287.8653106	
0.337	276.4064849	
0.338	261.6938429	
0.339	257.2684077	
0.34	265.985694	
0.341	281.2780178	
0.342	287.8849193	
0.343	282.1052592	
0.344	270.3988738	
0.345	263.4169562	
0.346	265.3410585	
0.347	274.3965946	
0.348	284.1555924	
0.349	286.6544743	
0.35	279.5806409	
0.351	266.5482182	
0.352	254.704572	
0.353	251.4679133	
0.354	259.5185043	
0.355	277.223922	
0.356	294.0604298	
0.357	296.483328	
0.358	281.8822104	
0.359	259.2770724	
0.36	242.3425212	
0.361	241.5397906	
0.362	255.6433378	
0.363	272.9149133	
0.364	280.2105699	
0.365	275.1993252	
0.366	263.3593557	
0.367	255.0857158	
0.368	256.5661716	
0.369	269.2578934	
0.37	285.7671813	
0.371	294.0175358	
0.372	289.2440463	
0.373	277.7827695	
0.374	268.7946382	
0.375	268.7787062	
0.376	280.2277275	
0.377	294.2123971	
0.378	299.3474217	
0.379	292.5628164	
0.38	278.1099895	
0.381	265.7540664	
0.382	265.5371453	
0.383	277.9788564	
0.384	296.2676325	
0.385	304.461612	
0.386	296.7762327	
0.387	278.7399185	
0.388	263.6461327	
0.389	261.3506909	
0.39	273.6649455	
0.391	292.6694386	
0.392	304.2593974	
0.393	299.5006145	
0.394	280.0990455	
0.395	258.7378335	
0.396	249.0217298	
0.397	256.4656771	
0.398	276.7582157	
0.399	292.7638054	
0.4	291.8017543	
0.401	275.3390371	
0.402	254.9202675	
0.403	244.9051313	
0.404	249.6246969	
0.405	265.5665583	
0.406	280.7620642	
0.407	285.8848334	
0.408	280.5083769	
0.409	268.5605595	
0.41	256.5183754	
0.411	251.1823618	
0.412	256.2070875	
0.413	271.7126558	
0.414	288.389843	
0.415	293.5395741	
0.416	281.8871126	
0.417	262.4365219	
0.418	247.3929833	
0.419	245.1281801	
0.42	258.4731163	
0.421	277.0940145	
0.422	288.3346935	
0.423	284.1261794	
0.424	267.3092803	
0.425	252.0120543	
0.426	247.7300076	
0.427	255.5281368	
0.428	270.5679987	
0.429	282.7094518	
0.43	282.1665363	
0.431	269.0569044	
0.432	253.9128713	
0.433	246.4848561	
0.434	249.8955418	
0.435	263.9978635	
0.436	281.3160096	
0.437	289.4585163	
0.438	283.7805763	
0.439	268.5115378	
0.44	253.7069801	
0.441	249.2227188	
0.442	259.7734173	
0.443	279.5352958	
0.444	295.0751793	
0.445	296.1328227	
0.446	284.0452935	
0.447	268.5961003	
0.448	259.8677841	
0.449	263.4512714	
0.45	278.0634189	
0.451	292.7294902	
0.452	296.4073443	
0.453	287.5282863	
0.454	272.0987018	
0.455	259.7979281	
0.456	259.0478959	
0.457	272.0374246	
0.458	288.9572693	
0.459	296.7786838	
0.46	292.2429497	
0.461	278.3293617	
0.462	262.4328453	
0.463	253.3773091	
0.464	256.707109	
0.465	270.8449714	
0.466	288.0111502	
0.467	295.7234914	
0.468	287.2917566	
0.469	267.143832	
0.47	248.9812869	
0.471	244.8916503	
0.472	256.8750084	
0.473	274.1392306	
0.474	283.044025	
0.475	277.5548186	
0.476	263.2429291	
0.477	252.3809427	
0.478	252.546391	
0.479	263.1583666	
0.48	277.95312	
0.481	286.5625586	
0.482	285.5894775	
0.483	277.853851	
0.484	270.0189555	
0.485	265.8631397	
0.486	267.500465	
0.487	275.2679556	
0.488	289.0455084	
0.489	305.4150843	
0.49	311.2449917	
0.491	299.0753511	
0.492	277.6381555	
0.493	259.2672681	
0.494	251.9752881	
0.495	260.2280937	
0.496	279.6835865	
0.497	297.0875206	
0.498	302.1808767	
0.499	290.0639345	
0.5	268.417171	
0.501	252.2792227	
0.502	251.5757611	
0.503	265.4133655	
0.504	280.5647518	
0.505	286.8088927	
0.506	281.8405419	
0.507	268.717429	
0.508	256.6985302	
0.509	253.2363717	
0.51	259.4033033	
0.511	271.6158379	
0.512	285.8921866	
0.513	296.7321132	
0.514	297.9012811	
0.515	286.5968738	
0.516	268.5581085	
0.517	253.8013469	
0.518	253.2155374	
0.519	273.9921655	
0.52	305.2091931	
0.521	321.8238777	
0.522	310.2020547	
0.523	275.9407786	
0.524	239.4097971	
0.525	219.960432	
0.526	227.3271701	
0.527	254.4496591	
0.528	282.1015826	
0.529	292.3213845	
0.53	279.4102905	
0.531	253.2474015	
0.532	232.1202682	
0.533	229.598101	
0.534	246.4235789	
0.535	270.7971753	
0.536	283.5109569	
0.537	275.3905099	
0.538	254.8026154	
0.539	237.3986813	
0.54	234.1203542	
0.541	249.0793303	
0.542	272.7506906	
0.543	290.4230186	
0.544	289.5087636	
0.545	269.2076462	
0.546	243.2347164	
0.547	227.3982516	
0.548	230.0098834	
0.549	250.7963158	
0.55	278.711731	
0.551	297.9588816	
0.552	295.9036462	
0.553	274.2397251	
0.554	249.1945313	
0.555	236.2760841	
0.556	239.6205905	
0.557	255.2818027	
0.558	270.532458	
0.559	276.8133651	
0.56	274.1465839	
0.561	267.3068292	
0.562	261.725707	
0.563	262.9206113	
0.564	270.6084417	
0.565	279.2436166	
0.566	285.5894775	
0.567	287.1863599	
0.568	285.4534423	
0.569	280.9054527	
0.57	275.0081405	
0.571	272.2837587	
0.572	274.7091081	
0.573	280.6248034	
0.574	288.6141173	
0.575	296.0825755	
0.576	296.9772218	
0.577	289.9793721	
0.578	279.4213203	
0.579	270.0238577	
0.58	267.4257069	
0.581	276.0118601	
0.582	291.2392301	
0.583	303.1147404	
0.584	305.676125	
0.585	297.027469	
0.586	281.328265	
0.587	265.0836945	
0.588	254.460689	
0.589	254.618784	
0.59	268.5054101	
0.591	288.620245	
0.592	304.8390792	
0.593	303.9934546	
0.594	285.8774801	
0.595	264.1057113	
0.596	252.9103773	
0.597	257.4007663	
0.598	272.8303509	
0.599	283.2670738	
0.6	280.3882737	
0.601	270.9454659	
0.602	263.7037332	
0.603	263.0529699	
0.604	268.7676763	
0.605	276.8072374	
0.606	282.7192562	
0.607	285.6225672	
0.608	285.073524	
0.609	282.5341992	
0.61	279.9679125	
0.611	279.5475513	
0.612	282.8050442	
0.613	290.8188689	
0.614	301.3536353	
0.615	306.3857143	
0.616	301.9124829	
0.617	291.6522381	
0.618	282.341789	
0.619	279.3919073	
0.62	286.3199011	
0.621	301.8536568	
0.622	313.697303	
0.623	312.9926158	
0.624	299.2432505	
0.625	279.0107635	
0.626	262.6889837	
0.627	257.607883	
0.628	267.1462831	
0.629	288.6729434	
0.63	310.2375955	
0.631	318.0087627	
0.632	306.3759099	
0.633	282.9704925	
0.634	264.2331677	
0.635	258.7917574	
0.636	268.4649672	
0.637	288.3420468	
0.638	305.4506251	
0.639	308.4115366	
0.64	296.083801	
0.641	275.8770504	
0.642	258.6385646	
0.643	253.2976488	
0.644	262.682856	
0.645	282.4165471	
0.646	299.1881011	
0.647	302.4002489	
0.648	292.9942075	
0.649	277.6173213	
0.65	266.7038621	
0.651	268.1401983	
0.652	279.9483038	
0.653	292.6302213	
0.654	301.1796082	
0.655	304.6172559	
0.656	301.215149	
0.657	293.4979056	
0.658	285.4448635	
0.659	278.0156227	
0.66	276.0290177	
0.661	289.8801031	
0.662	325.793411	
0.663	367.244947	
0.664	379.5028267	
0.665	350.2711785	
0.666	296.8791783	
0.667	245.8230629	
0.668	212.0740637	
0.669	204.9806217	
0.67	221.9752245	
0.671	250.4249763	
0.672	274.9039694	
0.673	280.6456377	
0.674	272.1575278	
0.675	260.980577	
0.676	256.5281798	
0.677	259.2574637	
0.678	265.5420475	
0.679	268.3767281	
0.68	268.1291685	
0.681	269.3007874	
0.682	274.3561517	
0.683	280.9311891	
0.684	282.6371448	
0.685	276.752088	
0.686	271.4283298	
0.687	276.5621289	
0.688	293.0334249	
0.689	316.6471846	
0.69	335.3636751	
0.691	335.7693298	
0.692	317.9965073	
0.693	292.8250826	
0.694	271.9859518	
0.695	261.5982506	
0.696	266.6474871	
0.697	286.0882735	
0.698	312.3259205	
0.699	334.3060317	
0.7	339.7572463	
0.701	324.4416372	
0.702	296.4024422	
0.703	269.6770291	
0.704	256.2683647	
0.705	262.2477883	
0.706	284.3651602	
0.707	309.7878213	
0.708	328.9026132	
0.709	332.9530323	
0.71	315.6888101	
0.711	285.3823608	
0.712	257.9976057	
0.713	245.5865331	
0.714	258.0809426	
0.715	304.2593974	
0.716	363.2055578	
0.717	393.4936239	
0.718	373.2157918	
0.719	310.1505819	
0.72	236.5763421	
0.721	182.0862555	
0.722	163.4371699	
0.723	175.7526501	
0.724	206.1252787	
0.725	238.8595284	
0.726	261.5222669	
0.727	273.2739974	
0.728	276.5192349	
0.729	274.5755239	
0.73	269.6463905	
0.731	264.2956704	
0.732	262.5713316	
0.733	263.0848341	
0.734	263.9341353	
0.735	266.6058187	
0.736	270.9859089	
0.737	274.8292113	
0.738	278.8465407	
0.739	283.9558289	
0.74	291.7931755	
0.741	299.0925087	
0.742	303.1245447	
0.743	303.6931966	
0.744	301.1183311	
0.745	295.6266735	
0.746	291.4733088	
0.747	293.3447127	
0.748	307.4801241	
0.749	338.0169754	
0.75	371.5600834	
0.751	380.9832825	
0.752	356.5030639	
0.753	311.0305217	
0.754	263.7466272	
0.755	226.1102061	
0.756	208.4685166	
0.757	212.4282456	
0.758	235.9562174	
0.759	271.0986588	
0.76	298.4674819	
0.761	304.619707	
0.762	290.636263	
0.763	267.8154295	
0.764	246.8880597	
0.765	239.0985093	
0.766	245.4431446	
0.767	260.0393601	
0.768	275.4640425	
0.769	286.8836508	
0.77	290.9352955	
0.771	287.017235	
0.772	279.6027007	
0.773	274.6417032	
0.774	275.1147627	
0.775	284.0992174	
0.776	298.2640418	
0.777	310.8491414	
0.778	316.0246089	
0.779	311.0697391	
0.78	297.6647513	
0.781	281.8233843	
0.782	271.1636126	
0.783	273.7556357	
0.784	290.2244806	
0.785	317.1533338	
0.786	345.1962055	
0.787	358.0374435	
0.788	348.4389919	
0.789	321.6045055	
0.79	290.0602579	
0.791	266.4452726	
0.792	258.9424992	
0.793	269.3289749	
0.794	296.5482818	
0.795	336.2399383	
0.796	366.4091268	
0.797	361.253268	
0.798	322.9170619	
0.799	269.7971323	
0.8	223.6885334	
0.801	201.1887921	
0.802	210.1953065	
0.803	243.5741918	
0.804	282.213107	
0.805	303.2801887	
0.806	296.1720401	
0.807	270.2505831	
0.808	240.3252777	
0.809	220.6749235	
0.81	220.4432959	
0.811	234.6853294	
0.812	253.7486486	
0.813	269.4625591	
0.814	278.0327803	
0.815	283.7242013	
0.816	290.4977767	
0.817	303.8794791	
0.818	330.0999686	
0.819	357.8241991	
0.82	362.081735	
0.821	334.0927872	
0.822	287.0258138	
0.823	244.6428651	
0.824	220.2999074	
0.825	220.4763855	
0.826	239.3142048	
0.827	266.385221	
0.828	289.6913695	
0.829	298.0128055	
0.83	291.8005287	
0.831	276.0020558	
0.832	261.752669	
0.833	255.2205255	
0.834	256.0232561	
0.835	264.6057327	
0.836	275.6049799	
0.837	281.6052377	
0.838	281.414053	
0.839	277.2704926	
0.84	269.8486051	
0.841	261.897283	
0.842	259.3677626	
0.843	266.0175581	
0.844	280.2522384	
0.845	294.9918423	
0.846	301.9529258	
0.847	300.0312746	
0.848	292.0725993	
0.849	282.9692669	
0.85	276.2116236	
0.851	274.0289318	
0.852	278.553636	
0.853	290.4695892	
0.854	306.7288663	
0.855	318.0700399	
0.856	315.8040111	
0.857	301.2004425	
0.858	281.7755882	
0.859	267.9183751	
0.86	264.3091514	
0.861	277.5817805	
0.862	304.8697178	
0.863	328.8707491	
0.864	333.07191	
0.865	312.0550755	
0.866	276.5045283	
0.867	244.3144197	
0.868	226.9693116	
0.869	230.7881031	
0.87	251.2424134	
0.871	280.9115805	
0.872	305.3243942	
0.873	311.3172987	
0.874	298.1329087	
0.875	274.6956271	
0.876	250.1700634	
0.877	235.7919946	
0.878	243.3021213	
0.879	274.0019698	
0.88	317.2979479	
0.881	346.2415935	
0.882	338.6334235	
0.883	303.2372947	
0.884	259.8971971	
0.885	224.7915219	
0.886	212.9172372	
0.887	226.9202899	
0.888	259.3040343	
0.889	291.1191269	
0.89	303.8353596	
0.891	293.408441	
0.892	268.1144619	
0.893	245.7728157	
0.894	240.7971117	
0.895	257.1029594	
0.896	281.5758247	
0.897	298.0655038	
0.898	298.142713	
0.899	285.8970888	
0.9	272.7653971	
0.901	263.3581301	
0.902	260.1361779	
0.903	264.7601511	
0.904	277.0915634	
0.905	288.6557858	
0.906	290.3985077	
0.907	280.8245669	
0.908	264.4182247	
0.909	247.6932413	
0.91	237.560453	
0.911	239.4539167	
0.912	258.2120757	
0.913	288.5626445	
0.914	311.4251465	
0.915	309.2976041	
0.916	285.6384993	
0.917	258.2684506	
0.918	241.7922525	
0.919	242.1905539	
0.92	257.4865543	
0.921	277.2300497	
0.922	286.9657622	
0.923	280.2314042	
0.924	262.6755027	
0.925	247.412592	
0.926	241.7873503	
0.927	248.326847	
0.928	278.3477448	
0.929	324.7823381	
0.93	350.6866375	
0.931	334.5915831	
0.932	283.7107203	
0.933	226.0967251	
0.934	187.8499836	
0.935	184.6574445	
0.936	212.011561	
0.937	244.6122266	
0.938	257.8762769	
0.939	246.5179457	
0.94	219.9812662	
0.941	199.1335567	
0.942	204.2220106	
0.943	234.0676558	
0.944	267.8803833	
0.945	279.5058828	
0.946	260.1349524	
0.947	224.8650545	
0.948	200.4289555	
0.949	205.2036705	
0.95	243.3413386	
0.951	297.2750287	
0.952	335.8661477	
0.953	330.8389709	
0.954	284.3688369	
0.955	224.7976497	
0.956	181.2516609	
0.957	172.2512741	
0.958	201.7464141	
0.959	259.0405426	
0.96	313.7414225	
0.961	330.4541505	
0.962	301.4467766	
0.963	250.1418759	
0.964	208.9329974	
0.965	198.6604971	
0.966	222.8588409	
0.967	260.4511425	
0.968	286.1262653	
0.969	287.8996258	
0.97	269.6476161	
0.971	248.9065287	
0.972	238.6683437	
0.973	243.565613	
0.974	261.9695901	
0.975	283.443552	
0.976	297.6966154	
0.977	294.1756308	
0.978	272.5925955	
0.979	250.1553569	
0.98	237.9808142	
0.981	239.4710743	
0.982	262.5014757	
0.983	298.0875636	
0.984	320.6779951	
0.985	312.9644283	
0.986	276.0241155	
0.987	231.0663014	
0.988	201.4743435	
0.989	197.5477042	
0.99	215.8695699	
0.991	243.4087435	
0.992	269.1782331	
0.993	280.1002711	
0.994	271.9822752	
0.995	253.2314695	
0.996	237.8263958	
0.997	230.8469292	
0.998	234.6497887	
0.999	250.0830499	
1	272.1256637	
1.001	287.7881014	
1.002	284.4558504	
1.003	264.9072163	
1.004	241.6770514	
1.005	227.1200534	
1.006	228.9216014	
1.007	250.7313621	
1.008	281.6150421	
1.009	299.5913047	
1.01	289.907065	
1.011	258.9020563	
1.012	228.2696126	
1.013	214.1489078	
1.014	220.5033475	
1.015	241.163549	
1.016	261.86787	
1.017	269.9944447	
1.018	261.1546041	
1.019	242.1770729	
1.02	230.4584321	
1.021	234.0039276	
1.022	251.8907256	
1.023	273.6808776	
1.024	283.3663428	
1.025	275.8844037	
1.026	257.2377691	
1.027	240.9686877	
1.028	235.4108508	
1.029	242.0839317	
1.03	262.0271906	
1.031	289.8274047	
1.032	310.1836716	
1.033	305.2508616	
1.034	273.478663	
1.035	234.1093243	
1.036	207.8054979	
1.037	206.0174309	
1.038	226.8504339	
1.039	256.0710523	
1.04	275.7863602	
1.041	276.9677835	
1.042	262.6338343	
1.043	244.2580447	
1.044	232.2636567	
1.045	231.5687739	
1.046	244.4443272	
1.047	261.4511854	
1.048	272.4050875	
1.049	271.476126	
1.05	259.3162898	
1.051	245.0889627	
1.052	235.8679783	
1.053	234.9819108	
1.054	246.8659999	
1.055	271.3964657	
1.056	298.871911	
1.057	308.3612894	
1.058	292.3704062	
1.059	260.9609683	
1.06	234.1938867	
1.061	225.4729238	
1.062	235.174321	
1.063	255.5085281	
1.064	270.7567323	
1.065	271.6538297	
1.066	259.4560017	
1.067	244.525213	
1.068	237.4991758	
1.069	241.5459183	
1.07	253.4937357	
1.071	267.0274054	
1.072	273.392875	
1.073	270.2861239	
1.074	261.5332968	
1.075	254.3356836	
1.076	252.8258148	
1.077	257.2463479	
1.078	266.6009165	
1.079	276.1442187	
1.08	282.328308	
1.081	283.4386498	
1.082	277.2030878	
1.083	265.2736536	
1.084	253.8050235	
1.085	247.2361138	
1.086	246.6564321	
1.087	253.5488851	
1.088	263.9157521	
1.089	271.2959712	
1.09	271.6035825	
1.091	265.0162896	
1.092	254.2805342	
1.093	243.8572922	
1.094	239.8742779	
1.095	243.0999067	
1.096	252.8919941	
1.097	265.4292975	
1.098	275.022847	
1.099	275.7471429	
1.1	265.570235	
1.101	251.9323941	
1.102	242.8082275	
1.103	244.0288682	
1.104	259.4976701	
1.105	279.1124835	
1.106	289.4119457	
1.107	284.6850269	
1.108	269.0127849	
1.109	252.7302225	
1.11	242.8033253	
1.111	243.1673115	
1.112	255.991392	
1.113	277.5033458	
1.114	297.1475722	
1.115	301.5913906	
1.116	287.317493	
1.117	262.5897147	
1.118	238.1634201	
1.119	221.9409093	
1.12	222.7093246	
1.121	243.0312763	
1.122	271.5741694	
1.123	292.1277487	
1.124	291.078684	
1.125	270.5018194	
1.126	243.0827491	
1.127	223.705691	
1.128	221.877181	
1.129	236.9133663	
1.13	257.2696332	
1.131	270.5483901	
1.132	271.0802757	
1.133	262.6460897	
1.134	252.5929617	
1.135	247.254497	
1.136	248.6295561	
1.137	257.8100976	
1.138	269.80326	
1.139	277.424911	
1.14	275.6956701	
1.141	266.3545824	
1.142	257.3603234	
1.143	252.7535078	
1.144	253.833211	
1.145	259.8273411	
1.146	267.8423914	
1.147	274.8059259	
1.148	276.7900798	
1.149	270.0875859	
1.15	256.4129787	
1.151	243.0901023	
1.152	236.5787931	
1.153	241.4343939	
1.154	262.4218154	
1.155	287.0711589	
1.156	296.2357683	
1.157	282.3295335	
1.158	250.9678918	
1.159	220.4040785	
1.16	208.5236661	
1.161	243.0104421	
1.162	326.4049569	
1.163	391.9678231	
1.164	388.5228221	
1.165	320.1706203	
1.166	226.1641299	
1.167	154.0936311	
1.168	125.049491	
1.169	133.9310001	
1.17	167.5096488	
1.171	209.1143777	
1.172	238.4269118	
1.173	245.9039487	
1.174	235.7785137	
1.175	220.0878885	
1.176	210.0825566	
1.177	209.395027	
1.178	215.4896517	
1.179	220.247209	
1.18	219.5425219	
1.181	216.9627542	
1.182	217.700531	
1.183	224.8405437	
1.184	235.7613561	
1.185	246.9897797	
1.186	255.2744494	
1.187	256.5220521	
1.188	250.6713105	
1.189	238.8190855	
1.19	227.8480258	
1.191	226.9068089	
1.192	237.9942951	
1.193	255.6788786	
1.194	269.0189126	
1.195	269.1757821	
1.196	256.621321	
1.197	241.7248476	
1.198	234.072558	
1.199	236.8128718	
1.2	248.4016051	
1.201	262.0664079	
1.202	269.2051951	
1.203	268.3791792	
1.204	263.141209	
1.205	258.192467	
1.206	258.6152793	
1.207	273.6870053	
1.208	302.4823603	
1.209	328.4087194	
1.21	331.3843375	
1.211	304.5192125	
1.212	261.1827915	
1.213	221.5977573	
1.214	199.7830944	
1.215	204.9401787	
1.216	236.9550348	
1.217	282.6861665	
1.218	312.3639123	
1.219	302.6625151	
1.22	258.4375755	
1.221	205.548048	
1.222	172.318679	
1.223	186.5288484	
1.224	254.8173219	
1.225	329.2040967	
1.226	352.2688133	
1.227	313.9522159	
1.228	237.2074966	
1.229	166.2363098	
1.23	142.3026833	
1.231	179.5922758	
1.232	243.6624309	
1.233	277.4580007	
1.234	261.3457887	
1.235	206.3360721	
1.236	150.0052202	
1.237	132.4652508	
1.238	166.8527578	
1.239	229.4032397	
1.24	273.6367581	
1.241	271.6636341	
1.242	230.9952199	
1.243	181.0666039	
1.244	164.1700445	
1.245	198.7879536	
1.246	263.5480893	
1.247	314.1617837	
1.248	316.4621277	
1.249	270.2775451	
1.25	203.9229782	
1.251	155.4686902	
1.252	156.0201845	
1.253	207.4329329	
1.254	279.9617847	
1.255	329.6514199	
1.256	326.3228455	
1.257	274.4345865	
1.258	205.8826212	
1.259	159.0595308	
1.26	158.7654005	
1.261	205.0247412	
1.262	271.3976913	
1.263	318.4070642	
1.264	319.0137079	
1.265	279.0401765	
1.266	226.3920809	
1.267	191.3525851	
1.268	193.1332989	
1.269	228.8946394	
1.27	272.7862313	
1.271	294.2087205	
1.272	281.1530124	
1.273	244.2482403	
1.274	209.078837	
1.275	195.3637869	
1.276	206.2551862	
1.277	235.1179461	
1.278	264.9782978	
1.279	278.3171062	
1.28	269.0458745	
1.281	242.7579802	
1.282	215.2433175	
1.283	201.717001	
1.284	211.781159	
1.285	248.0057547	
1.286	289.0614405	
1.287	301.7764476	
1.288	277.9286091	
1.289	233.5492512	
1.29	197.7756552	
1.291	189.3917165	
1.292	213.6157966	
1.293	258.1777605	
1.294	293.8631174	
1.295	296.3203308	
1.296	264.0383064	
1.297	218.3807073	
1.298	186.9001879	
1.299	186.3156039	
1.3	218.5682153	
1.301	266.9256854	
1.302	299.713859	
1.303	293.7062479	
1.304	253.5268253	
1.305	207.778536	
1.306	185.4246343	
1.307	196.9888567	
1.308	231.9548199	
1.309	265.0787923	
1.31	275.4211485	
1.311	260.8445417	
1.312	234.0799113	
1.313	213.0704301	
1.314	208.5150873	
1.315	220.8489506	
1.316	238.7602594	
1.317	251.6333616	
1.318	252.6615921	
1.319	242.694252	
1.32	230.9743857	
1.321	225.6641085	
1.322	226.9974991	
1.323	233.0247189	
1.324	242.4258581	
1.325	253.1125918	
1.326	261.4462833	
1.327	259.3885968	
1.328	246.8659999	
1.329	232.8874581	
1.33	224.9165273	
1.331	226.7609693	
1.332	241.7616139	
1.333	264.3299856	
1.334	281.7866181	
1.335	282.9337262	
1.336	266.714892	
1.337	242.3560022	
1.338	224.2902749	
1.339	219.9187635	
1.34	228.9828785	
1.341	245.8487993	
1.342	264.5444556	
1.343	272.0717398	
1.344	262.639962	
1.345	240.7039704	
1.346	219.5988969	
1.347	209.6621954	
1.348	215.6183337	
1.349	237.3496596	
1.35	264.6474012	
1.351	282.4778242	
1.352	279.811043	
1.353	259.8690096	
1.354	237.3312765	
1.355	221.0266543	
1.356	215.3352333	
1.357	229.1274926	
1.358	261.4842751	
1.359	290.2330594	
1.36	291.1031949	
1.361	262.8568831	
1.362	224.8405437	
1.363	197.3749027	
1.364	192.6320518	
1.365	211.196575	
1.366	241.8706872	
1.367	264.2160101	
1.368	263.784619	
1.369	246.139253	
1.37	225.764603	
1.371	215.6722575	
1.372	221.089157	
1.373	238.6352541	
1.374	258.3186979	
1.375	264.7086783	
1.376	252.7939507	
1.377	231.0895867	
1.378	216.1281595	
1.379	215.5264179	
1.38	227.4043793	
1.381	242.0716762	
1.382	249.9923597	
1.383	246.2164622	
1.384	234.9586255	
1.385	224.1848782	
1.386	222.2227841	
1.387	228.2549061	
1.388	237.7124203	
1.389	247.3255785	
1.39	250.7963158	
1.391	249.2398764	
1.392	244.6048733	
1.393	237.7087437	
1.394	229.8383074	
1.395	224.4005738	
1.396	225.665334	
1.397	236.718505	
1.398	253.6420263	
1.399	262.8581086	
1.4	255.6813297	
1.401	236.6719344	
1.402	218.9885765	
1.403	213.3437261	
1.404	221.1394042	
1.405	237.0150864	
1.406	249.5327811	
1.407	252.2583885	
1.408	247.956733	
1.409	238.6279008	
1.41	227.9129796	
1.411	222.9519821	
1.412	225.0366305	
1.413	233.6460691	
1.414	251.7228262	
1.415	271.0140963	
1.416	278.6063343	
1.417	271.0949822	
1.418	251.0401989	
1.419	229.0220959	
1.42	213.7898237	
1.421	216.1637002	
1.422	245.1171502	
1.423	287.1201806	
1.424	308.2987867	
1.425	293.0174928	
1.426	251.9973478	
1.427	209.4955215	
1.428	185.2383518	
1.429	193.5475323	
1.43	232.2587546	
1.431	273.6110217	
1.432	286.9388002	
1.433	266.1290825	
1.434	225.7229345	
1.435	188.1575949	
1.436	174.3089606	
1.437	191.749661	
1.438	232.8261809	
1.439	265.7136235	
1.44	264.9464337	
1.441	234.5198811	
1.442	198.4043587	
1.443	182.4649483	
1.444	201.6128299	
1.445	254.4018629	
1.446	303.3341126	
1.447	310.5488834	
1.448	269.7419829	
1.449	205.3580889	
1.45	153.1658952	
1.451	141.7058439	
1.452	178.9071974	
1.453	244.5962945	
1.454	294.7638914	
1.455	295.4318122	
1.456	247.3770513	
1.457	182.157337	
1.458	140.2425458	
1.459	150.2062092	
1.46	217.1490367	
1.461	306.0977117	
1.462	354.4282198	
1.463	333.3917767	
1.464	255.977911	
1.465	166.8932007	
1.466	112.1996741	
1.467	122.1069626	
1.468	190.3893084	
1.469	268.1034321	
1.47	299.6096878	
1.471	271.4246532	
1.472	200.430181	
1.473	133.2998455	
1.474	114.5453631	
1.475	156.6121217	
1.476	232.0896297	
1.477	286.1372952	
1.478	284.7536573	
1.479	233.785781	
1.48	167.1861055	
1.481	135.3452765	
1.482	177.3605623	
1.483	282.1934983	
1.484	366.7351212	
1.485	373.6557617	
1.486	299.242025	
1.487	187.9100352	
1.488	98.25789857	
1.489	75.21524177	
1.49	124.5617249	
1.491	209.3447798	
1.492	275.4910044	
1.493	286.3689228	
1.494	243.0521105	
1.495	178.4623253	
1.496	139.5832037	
1.497	153.874259	
1.498	211.3301592	
1.499	268.2492717	
1.5	286.4412298	
1.501	262.5566251	
1.502	216.4639582	
1.503	183.9257954	
1.504	189.1282248	
1.505	226.7793525	
1.506	270.1574419	
1.507	289.006291	
1.508	273.6110217	
1.509	234.5640007	
1.51	196.2939739	
1.511	179.4770748	
1.512	192.4555737	
1.513	226.5538526	
1.514	257.1458534	
1.515	265.8692674	
1.516	250.6811148	
1.517	221.9838033	
1.518	200.8088738	
1.519	201.3358572	
1.52	225.6604318	
1.521	259.9278357	
1.522	280.2865536	
1.523	275.4505615	
1.524	250.015645	
1.525	220.174902	
1.526	201.631213	
1.527	204.2097552	
1.528	225.9545621	
1.529	254.3663222	
1.53	272.5153863	
1.531	271.1170419	
1.532	252.1113233	
1.533	227.5318358	
1.534	208.5579813	
1.535	203.5381577	
1.536	218.5437045	
1.537	252.6199236	
1.538	289.762451	
1.539	301.917385	
1.54	279.5769643	
1.541	236.0726439	
1.542	195.1677	
1.543	174.0687542	
1.544	182.4796548	
1.545	215.4026381	
1.546	250.9213212	
1.547	262.825019	
1.548	245.6723211	
1.549	214.499413	
1.55	191.165077	
1.551	192.5695491	
1.552	222.2705803	
1.553	263.1375324	
1.554	283.5685574	
1.555	269.1684288	
1.556	229.4216229	
1.557	192.2472314	
1.558	179.7148301	
1.559	196.7498758	
1.56	234.6951338	
1.561	273.3021849	
1.562	286.0098387	
1.563	263.6154941	
1.564	219.7864049	
1.565	181.5372123	
1.566	168.4900831	
1.567	184.3228713	
1.568	221.4776541	
1.569	264.3912627	
1.57	288.0736529	
1.571	277.6430577	
1.572	241.5875868	
1.573	201.7721505	
1.574	177.2073694	
1.575	179.2074554	
1.576	212.767721	
1.577	262.4708371	
1.578	289.7514211	
1.579	275.5584093	
1.58	228.9914573	
1.581	179.5555095	
1.582	157.1366541	
1.583	176.3482639	
1.584	226.365119	
1.585	265.2675259	
1.586	263.1338558	
1.587	222.4286753	
1.588	172.2598529	
1.589	146.6570371	
1.59	167.6812248	
1.591	236.9133663	
1.592	311.0832201	
1.593	336.1443459	
1.594	297.3988085	
1.595	214.2175382	
1.596	133.0767967	
1.597	98.14637417	
1.598	124.9330644	
1.599	198.9276655	
1.6	269.1929397	
1.601	291.5885098	
1.602	257.8848557	
1.603	192.3636579	
1.604	139.7412987	
1.605	137.3833543	
1.606	191.1503705	
1.607	264.3900372	
1.608	303.9113433	
1.609	286.5993249	
1.61	227.8627323	
1.611	167.3944478	
1.612	146.1974585	
1.613	185.2138409	
1.614	267.5188481	
1.615	334.6344771	
1.616	339.964363	
1.617	280.8343713	
1.618	191.7594653	
1.619	120.7306779	
1.62	105.2716803	
1.621	156.1231301	
1.622	246.2642583	
1.623	318.5480016	
1.624	329.1930669	
1.625	276.9126341	
1.626	195.0341158	
1.627	130.1881922	
1.628	117.9928152	
1.629	169.1065311	
1.63	250.9286745	
1.631	306.2558067	
1.632	299.8204812	
1.633	241.0238371	
1.634	170.3418783	
1.635	131.9921913	
1.636	149.5051987	
1.637	210.9073469	
1.638	270.5251047	
1.639	286.1409718	
1.64	249.4261589	
1.641	184.586363	
1.642	130.8585641	
1.643	122.5457069	
1.644	173.7942326	
1.645	256.8370166	
1.646	315.8971524	
1.647	310.9006142	
1.648	246.5167202	
1.649	163.7386534	
1.65	115.371379	
1.651	137.4066396	
1.652	224.2620874	
1.653	316.3150625	
1.654	348.3777147	
1.655	305.6001413	
1.656	212.1463707	
1.657	126.2149822	
1.658	105.7508676	
1.659	163.6982105	
1.66	252.3196656	
1.661	305.7067635	
1.662	291.537037	
1.663	224.5488645	
1.664	147.4646698	
1.665	110.1836561	
1.666	136.4507162	
1.667	211.4441347	
1.668	280.2105699	
1.669	297.0740397	
1.67	255.1604739	
1.671	180.7908567	
1.672	123.5567798	
1.673	132.3757862	
1.674	214.1648398	
1.675	311.1751358	
1.676	349.5309506	
1.677	311.5979481	
1.678	216.6220533	
1.679	121.5505661	
1.68	82.96067263	
1.681	119.9389773	
1.682	208.864367	
1.683	284.3982499	
1.684	301.402657	
1.685	255.575933	
1.686	177.6522415	
1.687	118.1509102	
1.688	121.6669927	
1.689	194.7865562	
1.69	286.4093657	
1.691	331.6110629	
1.692	307.3404122	
1.693	230.6300081	
1.694	151.1633582	
1.695	122.9219486	
1.696	168.8859334	
1.697	260.1802975	
1.698	327.3633314	
1.699	325.5188894	
1.7	257.4988097	
1.701	163.3942759	
1.702	96.87916286	
1.703	108.1896979	
1.704	196.6273215	
1.705	295.3435731	
1.706	334.9984634	
1.707	299.8266089	
1.708	208.6315138	
1.709	117.8396223	
1.71	85.38847303	
1.711	125.0715507	
1.712	207.0873298	
1.713	270.5165259	
1.714	276.7128706	
1.715	229.2868131	
1.716	161.2177118	
1.717	120.2870314	
1.718	136.7423954	
1.719	202.8420494	
1.72	271.9859518	
1.721	296.3178797	
1.722	266.3754166	
1.723	200.6850939	
1.724	142.0195829	
1.725	127.5189598	
1.726	173.7648195	
1.727	262.0896933	
1.728	334.6050641	
1.729	343.1372935	
1.73	285.172793	
1.731	194.639491	
1.732	120.4990503	
1.733	101.286215	
1.734	147.598254	
1.735	230.9425215	
1.736	293.8202234	
1.737	298.1194277	
1.738	246.5485843	
1.739	173.8260967	
1.74	124.2406327	
1.741	130.2470182	
1.742	189.7079066	
1.743	261.7857586	
1.744	294.7467338	
1.745	271.5668162	
1.746	208.4501335	
1.747	148.4083378	
1.748	132.6686909	
1.749	179.7663029	
1.75	261.2698051	
1.751	314.4044412	
1.752	302.6858004	
1.753	234.1669248	
1.754	150.1253234	
1.755	99.33269966	
1.756	118.2268939	
1.757	203.2428019	
1.758	297.9221153	
1.759	338.2253177	
1.76	305.5707283	
1.761	217.5510147	
1.762	127.0250661	
1.763	90.73183989	
1.764	130.0533825	
1.765	223.9606039	
1.766	303.8022699	
1.767	319.6252538	
1.768	267.6928752	
1.769	183.5777412	
1.77	123.0996523	
1.771	139.5844293	
1.772	230.9327172	
1.773	324.1156428	
1.774	351.9195336	
1.775	298.9221583	
1.776	195.9140556	
1.777	102.4639617	
1.778	71.75185766	
1.779	116.9560059	
1.78	204.3408883	
1.781	270.2640641	
1.782	275.5706647	
1.783	222.2730314	
1.784	144.9645624	
1.785	98.77140103	
1.786	129.6452767	
1.787	226.595521	
1.788	313.1703195	
1.789	331.1134925	
1.79	271.8609465	
1.791	172.3101002	
1.792	91.09214949	
1.793	82.99253674	
1.794	158.0472324	
1.795	257.707152	
1.796	312.8283931	
1.797	293.5432507	
1.798	214.7040787	
1.799	123.9575323	
1.8	79.11982131	
1.801	105.6258622	
1.802	183.6500482	
1.803	255.3553353	
1.804	275.0118171	
1.805	237.761442	
1.806	171.6250217	
1.807	131.1367623	
1.808	151.9035861	
1.809	222.8588409	
1.81	287.4449494	
1.811	297.6794578	
1.812	247.983695	
1.813	167.2130674	
1.814	103.9370642	
1.815	104.9027919	
1.816	173.5846647	
1.817	258.8775454	
1.818	301.3205457	
1.819	279.1235134	
1.82	208.2810086	
1.821	136.1308495	
1.822	116.5037806	
1.823	170.4019299	
1.824	259.9621509	
1.825	317.3151055	
1.826	306.2619345	
1.827	237.7369311	
1.828	154.2578539	
1.829	108.135774	
1.83	133.3317096	
1.831	213.4258375	
1.832	284.2229973	
1.833	299.0594191	
1.834	251.4936497	
1.835	173.5013278	
1.836	116.7133485	
1.837	126.1880203	
1.838	197.7401145	
1.839	274.2421762	
1.84	301.930866	
1.841	266.8423485	
1.842	189.7679582	
1.843	122.5126173	
1.844	116.4290225	
1.845	182.7860405	
1.846	269.5360917	
1.847	311.7462387	
1.848	286.1899935	
1.849	206.2980802	
1.85	118.7894181	
1.851	76.09273046	
1.852	103.2470835	
1.853	184.6807298	
1.854	261.6227614	
1.855	286.3946592	
1.856	252.2485841	
1.857	181.4342667	
1.858	124.850953	
1.859	124.5494695	
1.86	182.3276875	
1.861	256.0735034	
1.862	291.1264802	
1.863	268.3473151	
1.864	204.0087662	
1.865	142.9571232	
1.866	127.0667345	
1.867	171.3333425	
1.868	244.5889413	
1.869	291.0480454	
1.87	280.2890047	
1.871	221.2815672	
1.872	150.9832034	
1.873	113.1788829	
1.874	131.1539199	
1.875	196.4814819	
1.876	266.6009165	
1.877	294.9183098	
1.878	269.8118388	
1.879	206.5554442	
1.88	147.5026617	
1.881	131.1171537	
1.882	166.8784942	
1.883	230.4118615	
1.884	277.7558076	
1.885	279.3514644	
1.886	238.4710313	
1.887	183.1022306	
1.888	144.882451	
1.889	147.2134335	
1.89	194.280407	
1.891	256.6703427	
1.892	289.3347365	
1.893	271.789865	
1.894	218.5008105	
1.895	165.3784298	
1.896	143.6005332	
1.897	168.9018655	
1.898	240.7946606	
1.899	309.6456583	
1.9	325.0776939	
1.901	278.3195573	
1.902	197.3565195	
1.903	128.2763453	
1.904	107.8661546	
1.905	150.0309566	
1.906	225.9839751	
1.907	278.8980135	
1.908	276.6650745	
1.909	224.3932205	
1.91	155.3167229	
1.911	111.3013512	
1.912	125.4624989	
1.913	193.3514455	
1.914	264.5285235	
1.915	289.7416167	
1.916	255.9889409	
1.917	184.6537678	
1.918	121.3802157	
1.919	109.5096075	
1.92	164.7105089	
1.921	252.058625	
1.922	309.1149982	
1.923	298.9466691	
1.924	230.6581956	
1.925	145.8359234	
1.926	94.30797394	
1.927	108.1884723	
1.928	179.1277951	
1.929	258.8064639	
1.93	294.8300707	
1.931	269.6304585	
1.932	198.6396629	
1.933	128.7873967	
1.934	108.3416652	
1.935	154.0360306	
1.936	237.9134093	
1.937	299.6599351	
1.938	297.9208898	
1.939	240.2382641	
1.94	164.4053487	
1.941	119.974518	
1.942	151.3802793	
1.943	252.015731	
1.944	343.7512905	
1.945	362.3660609	
1.946	296.3718036	
1.947	185.5753761	
1.948	89.49159051	
1.949	52.98634543	
1.95	82.57340109	
1.951	160.3328698	
1.952	238.1977353	
1.953	271.060667	
1.954	248.8195152	
1.955	187.6833098	
1.956	129.7433201	
1.957	110.4508245	
1.958	137.6198841	
1.959	191.0143353	
1.96	236.002788	
1.961	249.2656128	
1.962	233.7943598	
1.963	208.5052829	
1.964	192.0964896	
1.965	190.2986182	
1.966	202.4768376	
1.967	226.4447793	
1.968	251.1774597	
1.969	257.5944021	
1.97	237.7197735	
1.971	201.7611206	
1.972	172.8738499	
1.973	165.1320957	
1.974	179.7650774	
1.975	208.821473	
1.976	236.0554863	
1.977	243.2874147	
1.978	226.4496814	
1.979	197.5942749	
1.98	175.7943185	
1.981	173.9952216	
1.982	195.6162487	
1.983	235.287071	
1.984	270.3192135	
1.985	273.8965731	
1.986	242.6881243	
1.987	198.484019	
1.988	167.5525428	
1.989	162.3550155	
1.99	182.9674209	
1.991	217.4186561	
1.992	242.5300293	
1.993	238.7357486	
1.994	207.564066	
1.995	168.8320095	
1.996	145.8714641	
1.997	152.659746	
1.998	187.2249567	
1.999	228.110292	
2	245.7483048	
2.001	230.4890707	
2.002	191.7864273	
2.003	154.8718509	
2.004	140.1763665	
2.005	161.310853	
2.006	228.1127431	
2.007	299.4148265	
2.008	321.5150409	
2.009	283.6813073	
2.01	206.8606044	
2.011	135.2901271	
2.012	101.6820653	
2.013	112.9166167	
2.014	155.1598534	
2.015	199.9130019	
2.016	222.4384797	
2.017	214.3449946	
2.018	186.0680443	
2.019	158.5202919	
2.02	149.0603266	
2.021	163.3930503	
2.022	188.0374917	
2.023	201.8996069	
2.024	197.5587341	
2.025	183.1537034	
2.026	172.420399	
2.027	174.4523491	
2.028	188.5938881	
2.029	206.7294713	
2.03	219.0988754	
2.031	220.2325025	
2.032	210.3288907	
2.033	195.3711401	
2.034	181.7406525	
2.035	176.0578102	
2.036	181.7565845	
2.037	198.1102284	
2.038	217.4958653	
2.039	229.1618078	
2.04	227.3835451	
2.041	213.6942314	
2.042	197.2082289	
2.043	186.5766446	
2.044	187.0337721	
2.045	199.3517033	
2.046	223.619903	
2.047	250.2558514	
2.048	261.2158812	
2.049	247.6001001	
2.05	216.6392109	
2.051	188.8034559	
2.052	178.7883197	
2.053	187.6036495	
2.054	207.8961881	
2.055	224.3687097	
2.056	225.9447578	
2.057	212.9834165	
2.058	194.5304177	
2.059	181.412207	
2.06	177.4794399	
2.061	185.4491451	
2.062	212.740759	
2.063	251.5843399	
2.064	276.5474223	
2.065	269.3302005	
2.066	234.7551854	
2.067	194.2926624	
2.068	165.5218183	
2.069	159.7703457	
2.07	187.5350191	
2.071	232.4193007	
2.072	260.2624089	
2.073	252.1199021	
2.074	214.8474672	
2.075	169.4643897	
2.076	137.8086177	
2.077	138.7951797	
2.078	178.554241	
2.079	229.5993266	
2.08	250.6847914	
2.081	231.9486922	
2.082	186.1905986	
2.083	143.8186798	
2.084	129.8560701	
2.085	153.388944	
2.086	198.727902	
2.087	229.5306962	
2.088	222.9899739	
2.089	185.3008545	
2.09	142.5649495	
2.091	127.1035008	
2.092	159.9235385	
2.093	233.0014335	
2.094	293.094702	
2.095	297.4368003	
2.096	242.0716762	
2.097	159.2016938	
2.098	93.8177568	
2.099	83.02685194	
2.1	142.8382455	
2.101	235.2956498	
2.102	295.7051083	
2.103	288.1778241	
2.104	219.2422639	
2.105	129.5570376	
2.106	71.88544183	
2.107	84.21440297	
2.108	155.9417498	
2.109	233.3237513	
2.11	265.7834794	
2.111	240.4086146	
2.112	174.5111751	
2.113	112.4962555	
2.114	98.80449069	
2.115	146.0994151	
2.116	222.1308684	
2.117	271.8977127	
2.118	262.3433806	
2.119	204.4793746	
2.12	137.9262698	
2.121	110.6542646	
2.122	157.5533386	
2.123	258.4706652	
2.124	335.2239633	
2.125	337.7093642	
2.126	265.5077323	
2.127	163.069507	
2.128	84.94360097	
2.129	69.32650834	
2.13	116.3996095	
2.131	191.9347179	
2.132	247.8611407	
2.133	255.8590334	
2.134	218.5008105	
2.135	162.9285696	
2.136	127.4613593	
2.137	137.7583704	
2.138	189.4444149	
2.139	246.1110655	
2.14	266.7026366	
2.141	242.5055184	
2.142	190.7937375	
2.143	149.4096063	
2.144	145.2758503	
2.145	192.9151522	
2.146	268.6071302	
2.147	311.4950025	
2.148	293.2613758	
2.149	222.906637	
2.15	139.9128747	
2.151	86.09316017	
2.152	85.85172823	
2.153	132.0093489	
2.154	191.7901039	
2.155	228.2022077	
2.156	222.6541752	
2.157	182.9380078	
2.158	136.5340531	
2.159	119.0320755	
2.16	149.5076498	
2.161	211.4355559	
2.162	255.919085	
2.163	251.5206117	
2.164	203.5810517	
2.165	146.5050698	
2.166	120.2919336	
2.167	142.7769684	
2.168	202.489093	
2.169	256.9031959	
2.17	269.3302005	
2.171	233.1031536	
2.172	168.9692703	
2.173	109.3919554	
2.174	87.97191737	
2.175	133.3035221	
2.176	233.5075827	
2.177	318.7048711	
2.178	334.6173195	
2.179	274.8059259	
2.18	178.2037358	
2.181	99.40133006	
2.182	74.24583737	
2.183	102.0656602	
2.184	162.1724097	
2.185	215.1673339	
2.186	231.0785568	
2.187	208.0763429	
2.188	164.2791178	
2.189	129.5362034	
2.19	127.7003402	
2.191	163.7680665	
2.192	212.2333843	
2.193	236.6057551	
2.194	222.3980367	
2.195	181.2614652	
2.196	143.9620683	
2.197	136.1847734	
2.198	170.0894165	
2.199	228.9338568	
2.2	270.5275558	
2.201	264.5763197	
2.202	214.2150871	
2.203	147.5651643	
2.204	101.5938262	
2.205	103.460328	
2.206	152.7921046	
2.207	219.9959727	
2.208	261.7808565	
2.209	254.4153439	
2.21	206.8961451	
2.211	149.8177121	
2.212	121.4868379	
2.213	149.1963619	
2.214	232.2256649	
2.215	313.2916483	
2.216	334.672469	
2.217	285.7720834	
2.218	195.0696566	
2.219	113.9901922	
2.22	82.1076948	
2.221	105.5143378	
2.222	163.584235	
2.223	214.7518749	
2.224	229.3775033	
2.225	206.6265257	
2.226	163.7803219	
2.227	129.11094	
2.228	128.9761303	
2.229	181.8472747	
2.23	257.6250406	
2.231	296.4563661	
2.232	274.3451218	
2.233	204.4695703	
2.234	130.8953304	
2.235	95.07761486	
2.236	111.3001257	
2.237	163.9322892	
2.238	215.9565835	
2.239	234.9524978	
2.24	217.1024661	
2.241	175.2808161	
2.242	138.175055	
2.243	129.6808174	
2.244	161.1674645	
2.245	215.8977574	
2.246	258.2978637	
2.247	260.5565391	
2.248	222.1124853	
2.249	168.6665613	
2.25	133.6920192	
2.251	143.5086175	
2.252	217.357379	
2.253	315.6410139	
2.254	362.2030637	
2.255	330.1869821	
2.256	234.9022505	
2.257	132.8439435	
2.258	73.48722634	
2.259	73.72375611	
2.26	116.8199707	
2.261	172.0956302	
2.262	211.2921674	
2.263	217.3279659	
2.264	192.6737203	
2.265	156.8560047	
2.266	134.0621331	
2.267	141.3724963	
2.268	173.391029	
2.269	203.832288	
2.27	208.6780845	
2.271	187.8732689	
2.272	159.3205714	
2.273	142.7855472	
2.274	148.0112619	
2.275	182.2835679	
2.276	239.4245037	
2.277	281.2044852	
2.278	275.5020343	
2.279	224.8442203	
2.28	155.9356221	
2.281	103.8745615	
2.282	91.94390177	
2.283	119.5406758	
2.284	167.672646	
2.285	209.0457473	
2.286	219.0780411	
2.287	196.9937589	
2.288	161.2532525	
2.289	136.7558763	
2.29	141.7242271	
2.291	178.1265266	
2.292	222.6737839	
2.293	243.6991971	
2.294	228.8137536	
2.295	188.4014779	
2.296	149.185332	
2.297	135.0462441	
2.298	150.6817198	
2.299	194.0634859	
2.3	239.4943596	
2.301	253.2008309	
2.302	226.8626894	
2.303	175.7600033	
2.304	128.4528235	
2.305	108.478926	
2.306	122.8422883	
2.307	165.2607777	
2.308	212.0618083	
2.309	233.0222678	
2.31	219.6797827	
2.311	182.4024456	
2.312	146.3126595	
2.313	132.5583921	
2.314	148.9990495	
2.315	191.9776119	
2.316	232.356798	
2.317	240.8608399	
2.318	214.0190002	
2.319	171.0894595	
2.32	138.9888154	
2.321	135.2607141	
2.322	162.7864066	
2.323	205.8005098	
2.324	232.7477462	
2.325	224.5954351	
2.326	187.4492311	
2.327	145.096921	
2.328	120.3336021	
2.329	127.4123376	
2.33	176.2330629	
2.331	248.9236863	
2.332	297.183113	
2.333	289.1594839	
2.334	231.3726871	
2.335	159.7262261	
2.336	112.3504159	
2.337	105.1969222	
2.338	130.5092844	
2.339	165.3343102	
2.34	188.8463499	
2.341	190.2103791	
2.342	173.978064	
2.343	154.1083377	
2.344	142.5490174	
2.345	144.1973726	
2.346	159.0141857	
2.347	177.1546711	
2.348	187.6281603	
2.349	183.5679369	
2.35	170.1359871	
2.351	159.021539	
2.352	157.0263552	
2.353	162.6466947	
2.354	175.5050904	
2.355	191.1037999	
2.356	200.473075	
2.357	197.3798049	
2.358	184.6525423	
2.359	170.1960387	
2.36	160.1625194	
2.361	158.8744738	
2.362	173.6618739	
2.363	206.2993058	
2.364	236.2515732	
2.365	237.4256433	
2.366	208.5530791	
2.367	168.5930287	
2.368	140.8614449	
2.369	140.2817631	
2.37	168.2412979	
2.371	205.6326105	
2.372	225.4716982	
2.373	214.2530789	
2.374	179.3606482	
2.375	143.9216254	
2.376	131.2838275	
2.377	152.1915886	
2.378	197.0734191	
2.379	233.6889631	
2.38	233.7514658	
2.381	197.8442856	
2.382	149.6351062	
2.383	117.0981689	
2.384	122.9967067	
2.385	180.2381369	
2.386	257.4130217	
2.387	297.3081183	
2.388	276.3635909	
2.389	206.762561	
2.39	130.7801294	
2.391	87.56258606	
2.392	90.47937806	
2.393	126.9147672	
2.394	173.2611214	
2.395	204.17544	
2.396	206.3605829	
2.397	185.5790527	
2.398	159.522786	
2.399	144.7451902	
2.4	149.6326551	
2.401	172.5454044	
2.402	196.3638298	
2.403	203.2538318	
2.404	190.2312134	
2.405	167.7339231	
2.406	152.303113	
2.407	150.0885571	
2.408	163.0094554	
2.409	189.248328	
2.41	214.0655709	
2.411	216.9603031	
2.412	193.5181193	
2.413	157.6905994	
2.414	130.212703	
2.415	131.9946423	
2.416	178.0652494	
2.417	245.2017127	
2.418	282.4324791	
2.419	266.0236858	
2.42	205.6179039	
2.421	136.7656807	
2.422	92.97458331	
2.423	91.98311914	
2.424	131.2997595	
2.425	185.4368897	
2.426	219.2471661	
2.427	213.9626253	
2.428	175.6717642	
2.429	128.424636	
2.43	102.2960623	
2.431	116.4878486	
2.432	166.8772687	
2.433	220.0315135	
2.434	238.1094962	
2.435	214.1231714	
2.436	165.8931578	
2.437	125.5764744	
2.438	116.6606501	
2.439	143.5760223	
2.44	188.4774615	
2.441	221.4825562	
2.442	220.2557878	
2.443	188.1796546	
2.444	146.4989421	
2.445	118.9511897	
2.446	123.8827742	
2.447	175.0675716	
2.448	249.8171071	
2.449	296.4195998	
2.45	284.1421114	
2.451	223.134588	
2.452	152.2467381	
2.453	107.964198	
2.454	105.0731424	
2.455	135.5720019	
2.456	175.0013923	
2.457	197.8050682	
2.458	193.5646899	
2.459	168.5023385	
2.46	140.26338	
2.461	126.9037373	
2.462	134.931043	
2.463	158.5987267	
2.464	180.7994355	
2.465	186.9246987	
2.466	177.8066599	
2.467	163.868561	
2.468	157.2334719	
2.469	158.8401586	
2.47	164.5573161	
2.471	173.0564558	
2.472	182.9208502	
2.473	188.8806651	
2.474	186.074172	
2.475	174.8665826	
2.476	161.5339018	
2.477	152.4906211	
2.478	150.7528013	
2.479	158.1624334	
2.48	171.6740434	
2.481	183.7726025	
2.482	186.0496611	
2.483	179.2932434	
2.484	171.6139918	
2.485	168.0170235	
2.486	168.4214527	
2.487	172.9008118	
2.488	184.5655287	
2.489	201.2782567	
2.49	214.1354268	
2.491	212.6206558	
2.492	194.7056703	
2.493	171.3137338	
2.494	154.6733129	
2.495	153.5335581	
2.496	173.8604119	
2.497	208.0885983	
2.498	232.2906187	
2.499	226.4619369	
2.5	195.7584117	
2.501	158.4296018	
2.502	133.5902991	
2.503	131.5203573	
2.504	151.429301	
2.505	173.9278167	
2.506	181.0004246	
2.507	169.6151314	
2.508	150.5236248	
2.509	137.2031995	
2.51	138.9214106	
2.511	159.394104	
2.512	189.2164639	
2.513	206.3998003	
2.514	197.2670549	
2.515	169.5011559	
2.516	144.5650354	
2.517	139.5108967	
2.518	156.8400727	
2.519	182.3546494	
2.52	197.2143566	
2.521	191.5266122	
2.522	170.0845143	
2.523	148.2649493	
2.524	137.6860634	
2.525	141.6323114	
2.526	158.2175829	
2.527	175.6607343	
2.528	182.3362663	
2.529	176.608079	
2.53	163.3477053	
2.531	152.2087462	
2.532	150.4341602	
2.533	161.0853531	
2.534	175.3813106	
2.535	182.2504783	
2.536	177.0541766	
2.537	161.9714206	
2.538	146.7134121	
2.539	140.3258827	
2.54	146.3126595	
2.541	160.1502639	
2.542	170.0207861	
2.543	167.3919967	
2.544	153.316637	
2.545	137.1799142	
2.546	130.3450617	
2.547	140.4043174	
2.548	162.8991566	
2.549	179.4194743	
2.55	177.3066384	
2.551	158.9014358	
2.552	137.9483295	
2.553	132.9297315	
2.554	149.8201632	
2.555	171.6090897	
2.556	176.7441142	
2.557	162.8329773	
2.558	141.6445668	
2.559	134.4665623	
2.56	148.0480282	
2.561	166.2203777	
2.562	170.1641746	  
2.563	157.2003823	
2.564	142.6311288	
2.565	141.6445668	
2.566	149.1841065	
2.567	152.4991999	
2.568	145.1054998	
2.569	134.1479211	
2.57	133.0878266	
2.571	139.4520706	
2.572	143.0698731	
2.573	139.2020599	
2.574	135.7925997	
2.575	138.2988348	
2.576	142.351705	
2.577	140.8884069	
2.578	133.6319676	
2.579	129.7433201	
2.58	134.0400734	
2.581	141.7413847	
2.582	144.3628209	
2.583	138.9741089	
2.584	133.3942123	
2.585	134.3611656	
2.586	137.4544358	
2.587	136.9960827	
2.588	132.9738511	
2.589	131.1392134	
2.59	132.5363323	
2.591	133.8893316	
2.592	132.0583706	
2.593	129.3131546	
2.594	128.7788179	
2.595	128.6660679	
2.596	127.8032858	
2.597	126.3068979	
2.598	125.0874828	
2.599	123.6707553	
2.6	122.3483945	
2.601	122.0530387	
2.602	122.2662831	
2.603	121.4917401	
2.604	119.2195836	
2.605	117.2391063	
2.606	117.3101878	
2.607	117.9168315	
2.608	117.9486957	
2.609	116.7403104	
2.61	114.6446321	
2.611	113.2450622	
2.612	113.6923853	
2.613	114.4865371	
2.614	115.1189172	
2.615	113.9240129	
2.616	112.5379239	
2.617	111.7376445	
2.618	111.7731852	
2.619	111.8994161	
2.62	110.5451913	
2.621	109.4115641	
2.622	109.6860857	
2.623	110.3429767	
2.624	110.2755718	
2.625	109.0904719	
2.626	107.2926005	
2.627	106.0927941	
2.628	104.7140583	
2.629	103.9444174	
2.63	103.031388	
2.631	102.2335596	
2.632	101.3952883	
2.633	100.3057807	
2.634	99.78982714	
2.635	99.27019697	
2.636	98.64884674	
2.637	97.72723851	
2.638	97.44904029	
2.639	97.67086354	
2.64	97.38776314	
2.641	96.25658709	
2.642	94.97099263	
2.643	94.05060994	
2.644	93.20743646	
2.645	92.47823846	
2.646	92.03459194	
2.647	91.74781491	
2.648	91.47696994	
2.649	91.24779343	
2.65	90.43403297	
2.651	89.95852234	
2.652	89.66929423	
2.653	89.31021017	
2.654	88.89475114	
2.655	88.16922977	
2.656	87.83588211	
2.657	87.1262928	
2.658	86.31008126	
2.659	85.75491034	
2.66	85.12253023	
2.661	84.4411284	
2.662	84.42642189	
2.663	84.28548446	
2.664	84.00851177	
2.665	83.51706909	
2.666	82.98886011	
2.667	82.12607794	
2.668	81.91405903	
2.669	82.16039314	
2.67	82.30133057	
2.671	81.90057806	
2.672	81.44835274	
2.673	81.53536629	
2.674	81.68243143	
2.675	81.627282	
2.676	81.48266794	
2.677	81.47654023	
2.678	81.85645851	
2.679	82.54643914	
2.68	82.86508029	
2.681	82.53418371	
2.682	81.89567589	
2.683	81.8331732	
2.684	81.94102097	
2.685	82.17755074	
2.686	82.0648008	
2.687	81.55129834	
2.688	81.19221429	
2.689	81.24736371	
2.69	81.28413	
2.691	81.0439236	
2.692	80.67993737	
2.693	80.6578776	
2.694	80.57944286	
2.695	80.11373657	
2.696	79.41517714	
2.697	78.95314749	
2.698	78.90902794	
2.699	78.74970737	
2.7	78.48008794	
2.701	78.35753366	
2.702	77.88324857	
2.703	77.37955046	
2.704	77.20674891	
2.705	76.80354531	
2.706	76.50941503	
2.707	76.24592331	
2.708	75.96037183	
2.709	75.4762824	
2.71	75.07062771	
2.711	75.15641571	
2.712	75.02283154	
2.713	74.5840872	
2.714	73.78993543	
2.715	73.68821537	
2.716	73.63796811	
2.717	73.42349811	
2.718	73.2286368	
2.719	72.59625669	
2.72	72.54110726	
2.721	72.71758543	
2.722	72.62076754	
2.723	72.37565897	
2.724	72.38301223	
2.725	72.42345514	
2.726	72.28864543	
2.727	71.59743926	
2.728	71.31311331	
2.729	71.7702408	
2.73	72.3535992	
2.731	72.02025154	
2.732	71.43811869	
2.733	71.49817029	
2.734	71.69180606	
2.735	72.03495806	
2.736	72.019026	
2.737	71.69915931	
2.738	71.23222749	
2.739	70.860888	
2.74	70.67950766	
2.741	70.7236272	
2.742	70.99937434	
2.743	70.8780456	
2.744	69.93927977	
2.745	69.40494309	
2.746	69.87187491	
2.747	70.55940446	
2.748	70.67460549	
2.749	69.74809509	
2.75	68.85589989	
2.751	68.81178034	
2.752	69.25910349	
2.753	69.76892931	
2.754	69.43313057	
2.755	68.67574509	
2.756	68.58015274	
2.757	68.46617726	
2.758	68.13528069	
2.759	67.60829726	
2.76	66.95630846	
2.761	66.7173276	
2.762	66.78718354	
2.763	66.4170696	
2.764	65.97709971	
2.765	65.96974646	
2.766	65.97219754	
2.767	65.43173314	
2.768	64.7098884	
2.769	64.18535606	
2.77	64.08976371	
2.771	64.02603549	
2.772	63.77357366	
2.773	63.34953583	
2.774	63.2772288	
2.775	63.45125589	
2.776	63.48434554	
2.777	63.19511743	
2.778	62.91814474	
2.779	62.81152251	
2.78	62.76985406	
2.781	62.69999811	
2.782	62.49900909	
2.783	62.39116131	
2.784	62.19507446	
2.785	62.0590392	
2.786	61.71956383	
2.787	61.46832754	
2.788	61.724466	
2.789	61.74652577	
2.79	61.74284914	
2.791	61.3727352	
2.792	60.76976811	
2.793	60.55897474	
2.794	60.51853183	
2.795	60.50014869	
2.796	60.49402097	
2.797	60.40823297	
2.798	60.19008634	
2.799	60.15944777	
2.8	60.17292874	
2.801	60.13983909	
2.802	60.37514331	
2.803	60.40087971	
2.804	60.35921126	
2.805	60.27709989	
2.806	60.1717032	
2.807	60.17905646	
2.808	60.21092057	
2.809	60.0258636	
2.81	59.84815989	
2.811	59.69864366	
2.812	59.41554326	
2.813	59.0393016	
2.814	59.08342114	
2.815	59.35916829	
2.816	59.17778794	
2.817	58.35177206	
2.818	57.49879423	
2.819	57.09681617	
2.82	56.95955537	
2.821	56.75366417	
2.822	56.38722686	
2.823	56.00118086	
2.824	55.59552617	
2.825	55.51709143	
2.826	55.49012949	
2.827	55.09673023	
2.828	54.99623571	
2.829	55.11266229	
2.83	55.27198286	
2.831	55.36512411	
2.832	54.92515423	
2.833	54.63102394	
2.834	54.77073583	
2.835	54.92025206	
2.836	54.66288806	
2.837	54.3981708	
2.838	53.95084766	
2.839	53.47411149	
2.84	53.62117663	
2.841	53.46553269	
2.842	53.06478017	
2.843	52.94957914	
2.844	52.81722051	
2.845	53.13341057	
2.846	53.27679909	
2.847	53.02678834	
2.848	52.86624223	
2.849	52.65177223	
2.85	52.19587029	
2.851	52.24734309	
2.852	52.46548971	
2.853	52.48754949	
2.854	52.30739469	
2.855	52.24979417	
2.856	52.18729149	
2.857	52.17258497	
2.858	52.15665291	
2.859	52.14317194	
2.86	52.28533491	
2.861	52.04390297	
2.862	51.78899006	
2.863	51.60760971	
2.864	51.9274764	
2.865	52.18606594	
2.866	52.01448994	
2.867	51.51079183	
2.868	50.57937926	
2.869	49.99969749	
2.87	50.03401269	
2.871	49.83302366	
2.872	49.76071663	
2.873	49.28398046	
2.874	49.02293983	
2.875	49.07686371	
2.876	49.09034469	
2.877	49.04867623	
2.878	48.72513291	
2.879	48.41752166	
2.88	47.77901383	
2.881	47.7152856	
2.882	47.85989966	
2.883	47.5866036	
2.884	47.25325594	
2.885	46.92113383	
2.886	46.74220457	
2.887	46.91010394	
2.888	47.31820971	
2.889	47.2606092	
2.89	46.93338926	
2.891	46.82676703	
2.892	47.05594354	
2.893	47.03265823	
2.894	46.63925897	
2.895	46.07060709	
2.896	45.92844411	
2.897	45.87329469	
2.898	46.00687886	
2.899	46.03261526	
2.9	45.8279496	
2.901	45.65392251	
2.902	45.31199606	
2.903	45.32057486	
2.904	45.22130589	
2.905	45.13184126	
2.906	45.41494166	
2.907	45.72990617	
2.908	45.64044154	
2.909	45.15267549	
2.91	44.84506423	
2.911	44.8585452	
2.912	45.1073304	
2.913	45.4075884	
2.914	45.25071891	
2.915	45.12326246	
2.916	45.30954497	
2.917	45.56323234	
2.918	45.72622954	
2.919	45.85123491	
2.92	45.49705303	
2.921	45.0387	
2.922	44.95413754	
2.923	44.85609411	
2.924	44.47004811	
2.925	44.16856457	
2.926	44.02885269	
2.927	43.85360006	
2.928	43.41363017	
2.929	43.04719286	
2.93	42.66972566	
2.931	42.33147583	
2.932	42.32657366	
2.933	42.38049754	
2.934	42.29470954	
2.935	42.00793251	
2.936	41.83758206	
2.937	41.91724234	
2.938	42.21872589	
2.939	42.6023208	
2.94	42.4307448	
2.941	41.92949777	
2.942	41.40741651	
2.943	41.19049543	
2.944	41.6243376	
2.945	41.80326686	
2.946	41.28241114	
2.947	40.53605554	
2.948	40.00416994	
2.949	39.87671349	
2.95	39.9600504	
2.951	40.00171886	
2.952	39.79950429	
2.953	39.39017297	
2.954	38.71734994	
2.955	38.45140714	
2.956	38.88279823	
2.957	39.22840131	
2.958	39.20389046	
2.959	38.84358086	
2.96	38.60950217	
2.961	38.79578469	
2.962	39.25168663	
2.963	39.67695	
2.964	39.66224349	
2.965	39.43306697	
2.966	39.56420006	
2.967	39.68062663	
2.968	39.72229509	
2.969	39.4024284	
2.97	38.76024394	
2.971	38.38767891	
2.972	38.81416783	
2.973	39.44777349	
2.974	39.35708331	
2.975	38.5531272	
2.976	38.01388834	
2.977	37.90726611	
2.978	38.46366257	
2.979	38.72102657	
2.98	38.52126309	
2.981	37.832508	
2.982	37.39253811	
2.983	37.43665766	
2.984	37.49548371	
2.985	37.56166303	
2.986	37.22708983	
2.987	36.7344216	
2.988	36.38759297	
2.989	36.25523434	
2.99	36.32876691	
2.991	36.5714244	
2.992	36.85575034	
2.993	37.05919046	
2.994	36.79324766	
2.995	36.30670714	
2.996	36.03341109	
2.997	35.88389486	
2.998	36.07998171	
2.999	36.11919909	
3	36.10939474	
3.001	36.10449257	
3.002	35.84345194	
3.003	35.49784886	
3.004	34.89978394	
3.005	34.55418086	
3.006	34.38015377	
3.007	34.42917549	
3.008	34.61055583	
3.009	34.75884651	
3.01	34.5554064	
3.011	34.27843371	
3.012	33.57129549	
3.013	33.30045051	
3.014	33.27348857	
3.015	33.1827984	
3.016	33.18524949	
3.017	33.10191257	
3.018	33.2514288	
3.019	33.62154274	
3.02	34.0320996	
3.021	34.23431417	
3.022	34.06151263	
3.023	34.07989577	
3.024	34.0235208	
3.025	34.12156423	
3.026	34.14607509	
3.027	34.06028709	
3.028	33.97572463	
3.029	33.69507531	
3.03	33.63134709	
3.031	33.843366	
3.032	33.7918932	
3.033	33.45854554	
3.034	33.1399044	
3.035	32.88989366	
3.036	33.07617617	
3.037	33.05534194	
3.038	32.7367008	
3.039	32.29550537	
3.04	31.91558709	
3.041	31.56753291	
3.042	31.63371223	
3.043	31.65699754	
3.044	31.55895411	
3.045	31.6300356	
3.046	31.59939703	
3.047	31.6815084	
3.048	31.41801669	
3.049	31.17781029	
3.05	30.61283503	
3.051	30.3089004	
3.052	30.54788126	
3.053	30.86529686	
3.054	31.3383564	
3.055	31.50748131	
3.056	31.11775869	
3.057	30.85181589	
3.058	30.69617194	
3.059	30.45964217	
3.06	30.42165034	
3.061	30.34689223	
3.062	30.15815863	
3.063	30.14957983	
3.064	30.07237063	
3.065	30.07972389	
3.066	29.74147406	
3.067	29.48656114	
3.068	29.16792	
3.069	29.24145257	
3.07	29.49023777	
3.071	29.62137086	
3.072	29.3995476	
3.073	29.12747709	
3.074	29.04904234	
3.075	28.89952611	
3.076	28.98163749	
3.077	28.96080326	
3.078	28.54289314	
3.079	28.48896926	
3.08	28.76716749	
3.081	29.210814	
3.082	29.20713737	
3.083	29.14340914	
3.084	29.08825971	
3.085	29.04168909	
3.086	29.09683851	
3.087	29.07722983	
3.088	28.910556	
3.089	28.77206966	
3.09	28.53921651	
3.091	28.87501526	
3.092	29.30640634	
3.093	29.25125691	
3.094	28.99389291	
3.095	28.78064846	
3.096	28.70589034	
3.097	28.66544743	
3.098	28.41421114	
3.099	28.1899368	
3.1	28.21322211	
3.101	28.53186326	
3.102	28.6017192	
3.103	28.59681703	
3.104	28.33822749	
3.105	28.04777383	
3.106	27.82349949	
3.107	27.4607388	
3.108	27.09307594	
3.109	26.91537223	
3.11	26.62736966	
3.111	26.40922303	
3.112	26.39083989	
3.113	26.39329097	
3.114	26.23151931	
3.115	25.97783194	
3.116	25.87733743	
3.117	25.59178594	
3.118	25.64325874	
3.119	25.65673971	
3.12	25.91532926	
3.121	26.21436171	
3.122	26.2854432	
3.123	25.98150857	
3.124	25.23392743	
3.125	24.749838	
3.126	24.406686	
3.127	24.58929189	
3.128	25.04274274	
3.129	25.16774811	
3.13	25.42633766	
3.131	25.28785131	
3.132	25.1873568	
3.133	25.53541097	
3.134	26.2253916	
3.135	26.85654617	
3.136	26.93865754	
3.137	26.41657629	
3.138	25.50967457	
3.139	25.0586748	
3.14	25.16652257	
3.141	25.5047724	
3.142	25.393248	
3.143	25.03416394	
3.144	24.7841532	
3.145	24.61870491	
3.146	24.91528629	
3.147	25.07338131	
3.148	25.24005514	
3.149	25.29397903	
3.15	25.15426714	
3.151	24.98636777	
3.152	24.92876726	
3.153	25.17755246	
3.154	25.45575069	
3.155	25.3246176	
3.156	25.26946817	
3.157	24.6983652	
3.158	24.33070234	
3.159	24.36011537	
3.16	24.53781909	
3.161	24.67385434	
3.162	24.51208269	
3.163	24.42506914	
3.164	24.63586251	
3.165	24.40300937	
3.166	23.98755034	
3.167	23.634594	
3.168	23.51939297	
3.169	23.77430589	
3.17	24.00593349	
3.171	23.90666451	
3.172	23.78656131	
3.173	23.75837383	
3.174	23.88583029	
3.175	23.61866194	
3.176	23.10883611	
3.177	22.7681352	
3.178	22.54140977	
3.179	22.43601309	
3.18	22.78284171	
3.181	22.98137966	
3.182	23.06471657	
3.183	23.06471657	
3.184	23.06349103	
3.185	22.94583891	
3.186	22.66028743	
3.187	22.06835023	
3.188	21.83672263	
3.189	21.80853514	
3.19	21.75706234	
3.191	21.72519823	
3.192	21.7386792	
3.193	21.53156246	
3.194	21.23498109	
3.195	21.04257086	
3.196	20.71412537	
3.197	20.26435114	
3.198	20.20429954	
3.199	20.53029394	
3.2	20.69941886	
3.201	20.97639154	
3.202	20.97271491	
3.203	21.20189143	
3.204	21.90535303	
3.205	22.35022509	
3.206	22.46910274	
3.207	22.34409737	
3.208	22.18967897	
3.209	21.97520897	
3.21	21.79505417	
3.211	21.68965749	
3.212	21.85633131	
3.213	21.75706234	
3.214	21.49724726	
3.215	21.40533154	
3.216	21.41636143	
3.217	21.3011604	
3.218	21.05850291	
3.219	20.83055194	
3.22	20.54745154	
3.221	20.66510366	
3.222	20.96903829	
3.223	21.10629909	
3.224	21.01560891	
3.225	20.65407377	
3.226	20.41264183	
3.227	20.26190006	
3.228	20.13566914	
3.229	20.1344436	
3.23	20.28395983	
3.231	20.91756549	
3.232	21.46170651	
3.233	21.59651623	
3.234	21.32444571	
3.235	21.34160331	
3.236	21.49111954	
3.237	21.39307611	
3.238	21.33425006	
3.239	21.14183983	
3.24	20.88447583	
3.241	20.65039714	
3.242	20.54867709	
3.243	20.2631256	
3.244	19.93100349	
3.245	19.81457691	
3.246	19.79864486	
3.247	19.92610131	
3.248	20.27660657	
3.249	20.10135394	
3.25	20.07316646	
3.251	19.98737846	
3.252	20.10135394	
3.253	20.1087072	
3.254	20.23248703	
3.255	20.56951131	
3.256	20.7349596	
3.257	20.66142703	
3.258	20.5290684	
3.259	20.34646251	
3.26	20.32072611	
3.261	20.38935651	
3.262	20.42734834	
3.263	20.43960377	
3.264	20.00698714	
3.265	19.73369109	
3.266	19.56579171	
