0	37.30797566
0.001	56.04897703
0.002	69.1193916
0.003	73.52766926
0.004	71.80333046
0.005	68.91104931
0.006	70.00178246
0.007	76.008168
0.008	85.09066611
0.009	97.56546686
0.01	117.2734215
0.011	146.05407
0.012	179.5015857
0.013	209.1266331
0.014	235.8373397
0.015	274.921127
0.016	340.2290803
0.017	417.6637802
0.018	474.1698847
0.019	489.777173
0.02	467.7198526
0.021	418.2410109
0.022	367.7658027
0.023	349.0505378
0.024	374.2317669
0.025	433.0541474
0.026	501.272765
0.027	562.7251605
0.028	612.2285131
0.029	648.6822854
0.03	668.9637941
0.031	675.5020653
0.032	678.2227704
0.033	689.8249846
0.034	701.6588265
0.035	690.5161908
0.036	655.9448523
0.037	616.4027121
0.038	556.7249026
0.039	476.9261306
0.04	434.4708749
0.041	472.6967822
0.042	596.2045402
0.043	771.2892694
0.044	920.6363731
0.045	937.8748589
0.046	800.3640482
0.047	592.4470258
0.048	399.7463436
0.049	289.6962717
0.05	301.887972
0.051	385.0324761
0.052	444.1171227
0.053	450.3490082
0.054	451.9458905
0.055	509.8969101
0.056	608.6180638
0.057	652.8626121
0.058	585.9945427
0.059	434.9757986
0.06	296.9490343
0.061	266.6916067
0.062	347.2759517
0.063	437.3239387
0.064	465.5163266
0.065	437.8349901
0.066	418.2802282
0.067	489.905855
0.068	606.3508095
0.069	627.9411981
0.07	520.977043
0.071	362.0609007
0.072	253.018225
0.073	274.2740403
0.074	387.7789176
0.075	475.0387946
0.076	486.8542533
0.077	461.4389455
0.078	470.1684873
0.079	524.3092941
0.08	535.5536498
0.081	451.1811518
0.082	321.8937336
0.083	235.9819538
0.084	269.2615701
0.085	387.0570729
0.086	466.6180896
0.087	454.0084791
0.088	388.1686402
0.089	357.0582348
0.09	407.7564917
0.091	471.0631335
0.092	451.5757766
0.093	363.5241989
0.094	286.0698903
0.095	298.4098814
0.096	393.7951075
0.097	464.5015771
0.098	447.4861401
0.099	380.0200058
0.1	354.8387767
0.101	415.5423655
0.102	486.7709163
0.103	472.8940946
0.104	383.9074277
0.105	302.5301565
0.106	313.0011946
0.107	407.1890654
0.108	474.678485
0.109	455.0256797
0.11	381.670812
0.111	344.0172333
0.112	392.4249506
0.113	469.0838818
0.114	469.4294849
0.115	389.4137918
0.116	305.6932826
0.117	305.9310379
0.118	404.032067
0.119	493.2160462
0.12	489.0197875
0.121	413.841312
0.122	357.2187809
0.123	391.0437638
0.124	476.7508779
0.125	499.1378693
0.126	434.6228422
0.127	345.8432921
0.128	323.4109557
0.129	400.6042236
0.13	488.3604454
0.131	493.3851711
0.132	423.9385596
0.133	364.6210598
0.134	394.1358084
0.135	483.544062
0.136	515.4498447
0.137	455.9877309
0.138	361.8206943
0.139	327.3032798
0.14	392.4801
0.141	477.6945459
0.142	483.8749586
0.143	415.5092758
0.144	353.489454
0.145	374.6141362
0.146	457.1446433
0.147	491.6473514
0.148	443.7053403
0.149	365.1872606
0.15	347.4695875
0.151	420.6173385
0.152	496.1352893
0.153	487.4425138
0.154	409.0138987
0.155	344.6986351
0.156	372.2255532
0.157	462.9341078
0.158	497.5262805
0.159	440.6292278
0.16	348.0799078
0.161	311.8577631
0.162	371.2843363
0.163	453.5758625
0.164	459.7624029
0.165	389.8366041
0.166	320.7294679
0.167	333.8648362
0.168	421.562232
0.169	471.2788291
0.17	432.5908922
0.171	345.6864226
0.172	306.0266302
0.173	361.0473768
0.174	447.612371
0.175	462.6742927
0.176	398.2548579
0.177	320.7380467
0.178	310.1652885
0.179	382.9037081
0.18	445.9934289
0.181	431.2501483
0.182	364.641894
0.183	336.3514627
0.184	399.5723165
0.185	487.3996198
0.186	492.136343
0.187	410.6156832
0.188	313.5245014
0.189	282.6959709
0.19	345.4413141
0.191	422.0647046
0.192	430.0601462
0.193	380.8362173
0.194	356.4773275
0.195	413.6096844
0.196	499.0802688
0.197	507.9752589
0.198	429.5160051
0.199	329.9149116
0.2	296.0470347
0.201	360.9775209
0.202	444.0325603
0.203	455.5453099
0.204	400.6704029
0.205	355.8045045
0.206	392.4972576
0.207	484.8235287
0.208	516.3935127
0.209	452.1836458
0.21	349.972146
0.211	305.3158154
0.212	353.9122663
0.213	432.4658868
0.214	448.5450091
0.215	400.8628131
0.216	364.8379809
0.217	404.6546427
0.218	493.2466848
0.219	518.2845254
0.22	449.2178321
0.221	350.6412924
0.222	316.3763397
0.223	378.2564496
0.224	456.9375266
0.225	460.8739702
0.226	398.3749611
0.227	347.1313377
0.228	379.0714356
0.229	468.732151
0.23	499.7984369
0.231	435.0113393
0.232	333.8390998
0.233	290.6803826
0.234	342.5784459
0.235	424.4177469
0.236	437.1977078
0.237	379.7074923
0.238	326.6708997
0.239	352.9244787
0.24	440.4184344
0.241	476.3292912
0.242	420.5768955
0.243	325.1720607
0.244	283.2437885
0.245	334.8268874
0.246	415.7090393
0.247	429.098095
0.248	375.408288
0.249	327.037337
0.25	353.7529457
0.251	439.5286903
0.252	476.5572422
0.253	426.4778844
0.254	337.7718669
0.255	301.1232333
0.256	357.6048269
0.257	441.6880968
0.258	453.2290339
0.259	389.9579328
0.26	321.7785326
0.261	332.4664918
0.262	423.6897744
0.263	482.5881386
0.264	445.7176817
0.265	353.2100302
0.266	295.1867037
0.267	333.0633312
0.268	426.0808085
0.269	461.9475458
0.27	417.5828943
0.271	349.3262849
0.272	342.6115356
0.273	418.5621031
0.274	482.3908262
0.275	457.0037059
0.276	371.9718658
0.277	318.3739745
0.278	357.1709847
0.279	450.1038996
0.28	485.0943737
0.281	434.9574154
0.282	352.9685983
0.283	329.1072789
0.284	399.7242838
0.285	479.4789363
0.286	472.3818177
0.287	391.2508805
0.288	320.8275113
0.289	343.2414646
0.29	437.6352266
0.291	485.4387513
0.292	443.5705306
0.293	356.5140938
0.294	319.7943787
0.295	377.5051918
0.296	459.2317428
0.297	460.7354839
0.298	385.6636306
0.299	311.6175567
0.3	318.2918631
0.301	404.1668767
0.302	464.4831939
0.303	438.8374841
0.304	364.5315951
0.305	331.6122885
0.306	386.0803152
0.307	465.1069953
0.308	466.7479971
0.309	389.5449249
0.31	307.807344
0.311	305.3574838
0.312	387.2053635
0.313	453.5832158
0.314	433.6203482
0.315	353.5004839
0.316	300.2837364
0.317	335.9421314
0.318	422.7914515
0.319	454.2204981
0.32	405.6412047
0.321	330.0533979
0.322	318.0712654
0.323	394.9458922
0.324	466.0212502
0.325	453.4471805
0.326	375.0112121
0.327	304.1589029
0.328	315.8677394
0.329	395.1456557
0.33	434.658383
0.331	397.6445376
0.332	327.8756083
0.333	312.8627083
0.334	379.997946
0.335	445.2997716
0.336	432.5283895
0.337	358.2323049
0.338	298.8939708
0.339	323.0298118
0.34	405.2857973
0.341	439.4747664
0.342	398.3345182
0.343	333.7324776
0.344	326.581435
0.345	403.6705318
0.346	476.2300222
0.347	457.4804421
0.348	369.0293374
0.349	295.5519154
0.35	312.9092789
0.351	403.4070401
0.352	459.5332263
0.353	433.9965898
0.354	367.3993654
0.355	343.1961195
0.356	405.8029764
0.357	486.4253133
0.358	484.6053821
0.359	403.2550728
0.36	321.2515491
0.361	322.2613965
0.362	407.3569647
0.363	469.2088872
0.364	441.7628549
0.365	358.8769404
0.366	305.2496361
0.367	342.7990437
0.368	432.7367318
0.369	463.3985885
0.37	410.1757133
0.371	332.656451
0.372	317.587176
0.373	391.064598
0.374	461.9928909
0.375	446.6012981
0.376	366.572124
0.377	303.1931751
0.378	328.3560211
0.379	418.5584265
0.38	461.2293777
0.381	420.6026319
0.382	339.4864013
0.383	306.9555917
0.384	362.4432701
0.385	436.1314855
0.386	434.7784862
0.387	365.8122874
0.388	305.7067635
0.389	326.7334023
0.39	410.6156832
0.391	450.1664023
0.392	406.7723808
0.393	323.7038604
0.394	291.4279637
0.395	348.8887661
0.396	424.508437
0.397	425.8160913
0.398	359.66619
0.399	302.5902081
0.4	328.5398525
0.401	418.8427524
0.402	461.767391
0.403	418.573133
0.404	329.8805964
0.405	286.5417243
0.406	329.8499578
0.407	406.7674786
0.408	419.9310345
0.409	364.9666629
0.41	311.0550326
0.411	330.3352728
0.412	410.5568571
0.413	447.9567485
0.414	402.2562554
0.415	317.973222
0.416	282.7315116
0.417	338.7057305
0.418	423.3245626
0.419	434.859372
0.42	371.2647276
0.421	306.348948
0.422	316.8493992
0.423	398.4301106
0.424	446.1257875
0.425	409.8043738
0.426	330.4566015
0.427	297.7297051
0.428	353.1156634
0.429	434.1350762
0.43	443.9810875
0.431	380.5200273
0.432	315.4400249
0.433	324.5127187
0.434	399.2120069
0.435	438.59115
0.436	401.5344106
0.437	327.5508394
0.438	303.4064196
0.439	363.8220058
0.44	439.4968262
0.441	441.4319583
0.442	373.2403027
0.443	309.0328869
0.444	323.5261567
0.445	397.6690485
0.446	429.4093829
0.447	385.5962258
0.448	315.91431
0.449	302.0938632
0.45	366.9557189
0.451	432.6043731
0.452	420.6332705
0.453	344.623877
0.454	281.7032811
0.455	300.2273614
0.456	375.1546006
0.457	409.6278957
0.458	378.3741017
0.459	321.9182445
0.46	320.7074081
0.461	391.9469889
0.462	447.0106294
0.463	421.1541262
0.464	341.7830686
0.465	297.1733086
0.466	339.4030644
0.467	423.5745734
0.468	441.7334419
0.469	378.8079439
0.47	298.1635473
0.471	279.5671599
0.472	342.0171473
0.473	400.1005255
0.474	387.0386897
0.475	323.9281347
0.476	290.378899
0.477	330.9676529
0.478	403.1410973
0.479	418.8157905
0.48	366.2338742
0.481	301.4516787
0.482	303.1049361
0.483	380.2761442
0.484	432.5847645
0.485	403.6472465
0.486	327.3498504
0.487	288.7807911
0.488	332.1098589
0.489	411.409835
0.49	428.3443862
0.491	372.6679742
0.492	311.4275976
0.493	320.0909601
0.494	391.7043314
0.495	429.6422361
0.496	396.954557
0.497	328.8180507
0.498	304.8243727
0.499	358.4418727
0.5	426.1494389
0.501	421.677433
0.502	350.8226727
0.503	288.6116662
0.504	303.6319195
0.505	375.8764454
0.506	410.567887
0.507	377.8360884
0.508	316.0111279
0.509	305.9665786
0.51	369.0097287
0.511	424.578293
0.512	407.6658015
0.513	341.3308433
0.514	306.4286083
0.515	348.200011
0.516	422.6431608
0.517	430.9229283
0.518	365.1333367
0.519	294.3508834
0.52	298.4723841
0.521	377.1926784
0.522	429.969456
0.523	402.6913231
0.524	327.8731572
0.525	290.7870048
0.526	327.4123531
0.527	388.1808957
0.528	392.3158773
0.529	340.3675666
0.53	299.2260929
0.531	326.7076659
0.532	396.6175327
0.533	416.0092973
0.534	362.8991721
0.535	292.0456373
0.536	281.2669879
0.537	347.8507313
0.538	408.9391406
0.539	396.7106739
0.54	331.9235763
0.541	296.4759747
0.542	334.4727055
0.543	406.991753
0.544	421.1320665
0.545	363.7889162
0.546	296.6965725
0.547	301.0447985
0.548	377.1657165
0.549	425.7119201
0.55	396.7535679
0.551	323.3116867
0.552	286.6262868
0.553	326.6034948
0.554	396.3013426
0.555	405.2367756
0.556	347.5026771
0.557	290.7012168
0.558	307.8441103
0.559	387.2519342
0.56	426.9607483
0.561	390.8489025
0.562	316.8395949
0.563	291.2453578
0.564	347.4818429
0.565	413.0545135
0.566	407.3361305
0.567	339.1175129
0.568	282.5599356
0.569	304.2569463
0.57	384.0115989
0.571	419.9690263
0.572	381.0445596
0.573	309.9005712
0.574	289.290617
0.575	344.1790049
0.576	401.8836903
0.577	393.9654579
0.578	332.071867
0.579	288.1851773
0.58	319.3078382
0.581	392.922521
0.582	415.0264119
0.583	368.5930442
0.584	304.8035385
0.585	298.898873
0.586	370.0269293
0.587	430.4584476
0.588	412.2983535
0.589	339.6040534
0.59	287.9939926
0.591	313.5931318
0.592	387.4725319
0.593	415.3548574
0.594	373.5515906
0.595	309.8858647
0.596	300.6624291
0.597	366.6309501
0.598	424.9729178
0.599	406.0064165
0.6	330.2139441
0.601	273.778921
0.602	300.6795867
0.603	381.8460646
0.604	414.8168441
0.605	372.8714143
0.606	301.8855209
0.607	280.341703
0.608	338.9716733
0.609	406.0333785
0.61	402.0001169
0.611	335.4286289
0.612	276.7986586
0.613	292.5922294
0.614	366.3650073
0.615	404.1546213
0.616	370.9093202
0.617	302.2703414
0.618	281.1027651
0.619	344.0086545
0.62	414.8401294
0.621	411.5924409
0.622	341.4570742
0.623	275.3892843
0.624	286.1078822
0.625	362.4861641
0.626	406.0591149
0.627	375.9450758
0.628	311.6763828
0.629	293.3177508
0.63	350.1351432
0.631	409.5433332
0.632	398.9619962
0.633	328.3033227
0.634	266.4366938
0.635	286.2721049
0.636	371.4252737
0.637	416.701729
0.638	382.7260044
0.639	307.6700832
0.64	277.3477018
0.641	341.1384331
0.642	428.6667039
0.643	436.3802707
0.644	363.0854546
0.645	280.7032382
0.646	263.9010456
0.647	322.318997
0.648	377.1215969
0.649	370.9350566
0.65	322.6094506
0.651	299.0447126
0.652	341.808805
0.653	405.4965907
0.654	410.3558681
0.655	348.9573965
0.656	276.652819
0.657	271.3584739
0.658	347.4340467
0.659	413.8694995
0.66	401.6018155
0.661	330.6428841
0.662	269.4846189
0.663	292.0615694
0.664	379.8202423
0.665	424.5304968
0.666	387.2360021
0.667	301.9553769
0.668	253.9055181
0.669	299.18565
0.67	388.2103087
0.671	414.2776053
0.672	361.853784
0.673	284.7021845
0.674	264.9096674
0.675	327.1721467
0.676	385.9675653
0.677	372.0110832
0.678	306.4065485
0.679	262.0762123
0.68	294.0665575
0.681	368.3381313
0.682	393.0181133
0.683	347.5014516
0.684	286.8591399
0.685	288.1864029
0.686	354.4527307
0.687	398.0305836
0.688	372.1875614
0.689	304.4199435
0.69	274.3720838
0.691	329.825447
0.692	410.9882482
0.693	422.1958377
0.694	359.5411846
0.695	292.9464113
0.696	287.5135798
0.697	334.9273819
0.698	360.022823
0.699	334.2263714
0.7	286.4645151
0.701	289.2379186
0.702	355.4478715
0.703	404.8507296
0.704	382.9380233
0.705	311.0158152
0.706	258.3468854
0.707	284.5575705
0.708	362.0020747
0.709	390.8672856
0.71	345.9928083
0.711	280.012032
0.712	270.6280503
0.713	341.5833051
0.714	411.1941394
0.715	405.2478055
0.716	333.1797578
0.717	263.5946599
0.718	269.189263
0.719	339.2437438
0.72	380.9734781
0.721	355.6929801
0.722	299.6403264
0.723	288.4976907
0.724	352.2602345
0.725	414.5668334
0.726	401.1165005
0.727	324.7688571
0.728	258.7537656
0.729	272.7286308
0.73	345.5650939
0.731	382.8350777
0.732	352.4318105
0.733	289.3384131
0.734	267.9392093
0.735	321.9525597
0.736	383.172102
0.737	378.8814765
0.738	316.729296
0.739	262.0798889
0.74	282.7903377
0.741	367.5047621
0.742	417.2238103
0.743	385.9516332
0.744	303.0277269
0.745	245.8831145
0.746	278.7031522
0.747	362.2226724
0.748	393.7044173
0.749	351.717319
0.75	278.3845111
0.751	252.2608395
0.752	312.3099885
0.753	388.633121
0.754	395.8625983
0.755	333.4628582
0.756	261.8200738
0.757	270.3559798
0.758	367.2964198
0.759	438.8264542
0.76	415.4504498
0.761	329.9136861
0.762	255.4215146
0.763	260.8322863
0.764	331.2740386
0.765	375.2881848
0.766	352.8815847
0.767	293.2601503
0.768	268.6671818
0.769	320.9635466
0.77	393.4874962
0.771	402.7244127
0.772	341.8443458
0.773	265.256496
0.774	254.6984443
0.775	326.9846386
0.776	390.1956881
0.777	378.0039878
0.778	309.9312098
0.779	252.5721274
0.78	280.9814364
0.781	372.2598684
0.782	412.7089104
0.783	371.3296814
0.784	285.9914556
0.785	229.7145276
0.786	259.7550341
0.787	339.9263712
0.788	376.724521
0.789	350.2221567
0.79	299.0581935
0.791	299.4662993
0.792	365.9360673
0.793	413.1390759
0.794	385.0116418
0.795	303.7128053
0.796	241.2983587
0.797	264.0640428
0.798	343.9559561
0.799	381.3227578
0.8	350.5101593
0.801	291.207366
0.802	279.6713311
0.803	339.7854338
0.804	393.0622329
0.805	375.3972581
0.806	301.9504747
0.807	247.9236434
0.808	280.6162246
0.809	366.3466241
0.81	400.6973649
0.811	358.280101
0.812	286.6728574
0.813	259.2893278
0.814	304.5670087
0.815	360.6858417
0.816	357.3977102
0.817	299.1219218
0.818	255.1678272
0.819	286.1017545
0.82	364.8943558
0.821	400.5502997
0.822	366.2093633
0.823	293.7037968
0.824	260.6692891
0.825	307.5904229
0.826	375.4989782
0.827	382.8056647
0.828	325.1218135
0.829	261.2832861
0.83	273.2592909
0.831	363.0793269
0.832	425.0476759
0.833	400.0024821
0.834	314.5367998
0.835	241.6304808
0.836	254.9153654
0.837	331.841465
0.838	373.8567507
0.839	346.6141586
0.84	285.0269534
0.841	266.1045717
0.842	323.0077521
0.843	383.0336157
0.844	374.5749189
0.845	307.5781675
0.846	245.1441122
0.847	255.2818027
0.848	328.5913253
0.849	377.3728332
0.85	357.4859493
0.851	295.3411221
0.852	267.3141825
0.853	327.0924864
0.854	412.6660164
0.855	424.5157903
0.856	356.8695012
0.857	270.6721699
0.858	239.5507346
0.859	285.2561299
0.86	343.2782309
0.861	349.8103743
0.862	308.9997972
0.863	278.8882092
0.864	311.8736952
0.865	381.4453121
0.866	401.5380873
0.867	350.9047841
0.868	270.2689663
0.869	234.4782127
0.87	282.7106774
0.871	357.3290798
0.872	374.1802941
0.873	327.1292527
0.874	266.8202887
0.875	274.0117742
0.876	360.1600838
0.877	420.3599745
0.878	392.6100075
0.879	307.4065915
0.88	233.1877161
0.881	238.9171289
0.882	311.1371439
0.883	360.6637819
0.884	347.2747262
0.885	299.6207177
0.886	288.6386282
0.887	351.1020965
0.888	412.2885492
0.889	395.6579326
0.89	315.0098594
0.891	234.0468216
0.892	230.812614
0.893	304.8844243
0.894	360.4897548
0.895	347.1068268
0.896	292.6865962
0.897	261.8739977
0.898	302.5718249
0.899	375.2747038
0.9	388.8953871
0.901	328.739616
0.902	246.997133
0.903	221.3060781
0.904	283.2572695
0.905	356.7947431
0.906	366.027983
0.907	315.6667503
0.908	259.4449718
0.909	270.9528192
0.91	346.7465172
0.911	391.2153398
0.912	361.1723822
0.913	281.8478952
0.914	227.7389525
0.915	269.6096242
0.916	371.0968282
0.917	414.4332492
0.918	378.0726182
0.919	301.9958198
0.92	260.6300717
0.921	290.062709
0.922	342.3811335
0.923	345.5013657
0.924	296.1364994
0.925	250.8048946
0.926	278.154109
0.927	362.3011071
0.928	403.5099857
0.929	369.0415929
0.93	290.8446053
0.931	236.7846843
0.932	260.3322648
0.933	322.3140948
0.934	340.0967217
0.935	299.7702339
0.936	251.9323941
0.937	271.1403273
0.938	358.7029133
0.939	417.3120494
0.94	392.9286487
0.941	312.3614613
0.942	237.8251702
0.943	231.7342222
0.944	285.373782
0.945	325.5127617
0.946	318.0835209
0.947	282.1407999
0.948	276.6589467
0.949	344.9131051
0.95	422.4103077
0.951	421.7754765
0.952	345.6582351
0.953	251.1627531
0.954	212.840028
0.955	257.7647525
0.956	325.080145
0.957	343.5429482
0.958	309.8564517
0.959	269.8865969
0.96	298.4748351
0.961	391.0964621
0.962	434.3997934
0.963	386.5288639
0.964	286.030673
0.965	201.8640662
0.966	195.8123355
0.967	260.3224605
0.968	316.1643207
0.969	322.3643421
0.97	297.7076453
0.971	294.5506469
0.972	347.9610302
0.973	402.1533098
0.974	387.0717794
0.975	309.8074299
0.976	229.8321797
0.977	216.285029
0.978	273.2188479
0.979	326.4294677
0.98	329.9332947
0.981	295.8276626
0.982	281.9005935
0.983	343.1605788
0.984	423.6284973
0.985	425.4704882
0.986	347.098248
0.987	253.0746
0.988	210.8460698
0.989	240.7100981
0.99	293.022395
0.991	308.9814141
0.992	291.9206319
0.993	283.2205032
0.994	323.8766619
0.995	379.4636093
0.996	378.1780149
0.997	311.1628803
0.998	231.8028526
0.999	210.2602603
1	267.6328236
1.001	332.0375518
1.002	340.4214905
1.003	299.8829839
1.004	261.0565606
1.005	285.4154505
1.006	357.6256611
1.007	386.4675867
1.008	342.4840791
1.009	264.9292761
1.01	231.5736761
1.011	285.7144829
1.012	366.885863
1.013	385.059438
1.014	335.5401533
1.015	271.4871559
1.016	258.3064425
1.017	305.4003778
1.018	339.6530751
1.019	316.5209537
1.02	257.2696332
1.021	228.5343298
1.022	269.7922301
1.023	336.7975603
1.024	355.3191895
1.025	313.9215773
1.026	251.959356
1.027	235.5407583
1.028	287.8628595
1.029	339.4827247
1.03	331.5375303
1.031	277.6982071
1.032	236.1510787
1.033	264.5885751
1.034	340.7916045
1.035	372.0380451
1.036	333.2018175
1.037	263.7870701
1.038	232.7698059
1.039	270.2554853
1.04	325.5041829
1.041	332.7667498
1.042	289.1435518
1.043	242.6868987
1.044	257.9828991
1.045	326.3865737
1.046	364.6590516
1.047	336.5500006
1.048	266.1082483
1.049	224.306207
1.05	263.9782548
1.051	343.1348424
1.052	368.1959683
1.053	326.7628154
1.054	259.8592053
1.055	232.2366948
1.056	272.2028729
1.057	325.1916694
1.058	328.0606653
1.059	282.899411
1.06	245.8757613
1.061	284.0673533
1.062	378.8790254
1.063	419.4163065
1.064	374.4106961
1.065	285.0772006
1.066	218.601305
1.067	225.2915434
1.068	279.2497443
1.069	305.6001413
1.07	284.8308665
1.071	246.9750732
1.072	263.6669669
1.073	348.9880351
1.074	412.9858831
1.075	391.8562987
1.076	310.7400681
1.077	227.681352
1.078	203.818807
1.079	247.2777823
1.08	292.4488409
1.081	297.140219
1.082	272.819321
1.083	266.0432945
1.084	328.2297902
1.085	412.1917313
1.086	422.0610279
1.087	346.9793703
1.088	245.5755033
1.089	184.7677433
1.09	204.8213011
1.091	267.1928537
1.092	302.4002489
1.093	295.4036247
1.094	281.0929608
1.095	311.7879072
1.096	383.6598681
1.097	408.7712412
1.098	352.5114708
1.099	252.3037335
1.1	179.1069609
1.101	191.0743869
1.102	261.1619573
1.103	308.8429277
1.104	306.5548392
1.105	277.6724707
1.106	280.5034747
1.107	344.0944425
1.108	394.724069
1.109	366.6358522
1.11	281.6321997
1.111	203.1447585
1.112	192.151639
1.113	251.444628
1.114	308.2571182
1.115	315.8616117
1.116	284.6592905
1.117	261.7845331
1.118	293.9207179
1.119	356.6905719
1.12	366.3355942
1.121	308.2816291
1.122	228.6875227
1.123	192.3170873
1.124	232.1374258
1.125	302.6122678
1.126	327.7358964
1.127	300.3584945
1.128	258.3125702
1.129	263.7159886
1.13	322.9685347
1.131	358.0313158
1.132	328.2285646
1.133	258.0282442
1.134	208.1204625
1.135	228.1727947
1.136	292.4439387
1.137	323.9979907
1.138	302.3365207
1.139	256.7193645
1.14	248.2189992
1.141	301.0987224
1.142	349.143679
1.143	334.0217057
1.144	272.7617205
1.145	221.4874584
1.146	233.6914142
1.147	292.0971101
1.148	321.6339185
1.149	297.4429281
1.15	251.1958428
1.151	248.6896077
1.152	308.2779525
1.153	358.5068265
1.154	343.2267581
1.155	281.2976265
1.156	228.6103135
1.157	234.3666883
1.158	281.8785338
1.159	305.6540652
1.16	284.5771791
1.161	246.6625598
1.162	256.2450794
1.163	323.7516566
1.164	371.8664691
1.165	350.258923
1.166	280.4679339
1.167	219.8991549
1.168	218.5339001
1.169	260.9340063
1.17	284.1077962
1.171	267.3350167
1.172	240.9184404
1.173	258.9179883
1.174	322.4292958
1.175	357.5153623
1.176	329.6097514
1.177	263.755206
1.178	216.0693334
1.179	228.0269551
1.18	269.9846403
1.181	283.0072587
1.182	257.5870488
1.183	236.7515947
1.184	263.9684505
1.185	328.9626648
1.186	355.4785101
1.187	317.6533553
1.188	250.2521748
1.189	210.8607763
1.19	229.6949189
1.191	270.6574634
1.192	281.2964009
1.193	256.0710523
1.194	239.7406937
1.195	273.2985082
1.196	332.6049782
1.197	347.2208023
1.198	302.5460885
1.199	240.4306743
1.2	214.4859321
1.201	239.3534222
1.202	273.5276847
1.203	272.0803186
1.204	244.4038843
1.205	238.7651616
1.206	286.9547323
1.207	345.2207163
1.208	349.3740811
1.209	295.3582797
1.21	230.3983805
1.211	213.3020577
1.212	258.1311898
1.213	303.145379
1.214	301.1967658
1.215	263.7172142
1.216	237.0432739
1.217	258.8469069
1.218	304.6527967
1.219	312.7560861
1.22	270.776341
1.221	217.8745581
1.222	208.3753754
1.223	253.3846623
1.224	292.9917564
1.225	286.3664717
1.226	249.6639142
1.227	230.2206768
1.228	262.72575
1.229	312.2168472
1.23	314.6360688
1.231	268.7529698
1.232	222.5022079
1.233	224.4201825
1.234	271.2028299
1.235	302.8034525
1.236	287.6054955
1.237	250.230115
1.238	243.2665805
1.239	286.6532487
1.24	329.2776293
1.241	318.9781671
1.242	263.026008
1.243	217.5657213
1.244	234.8961228
1.245	294.4207394
1.246	320.9586444
1.247	292.4990882
1.248	238.4305884
1.249	213.2959299
1.25	241.7726438
1.251	284.1457881
1.252	286.4130423
1.253	247.4603882
1.254	208.5408237
1.255	220.2030895
1.256	273.9149563
1.257	304.3611175
1.258	285.5282004
1.259	240.0961011
1.26	217.3684089
1.261	249.0928113
1.262	301.1207822
1.263	311.3136221
1.264	273.6919075
1.265	228.4791804
1.266	229.6728591
1.267	282.9827479
1.268	324.3460449
1.269	311.3062689
1.27	258.9535291
1.271	215.743339
1.272	228.8321367
1.273	276.6871342
1.274	295.9698255
1.275	270.9246317
1.276	227.2119691
1.277	214.68447
1.278	254.8026154
1.279	295.3668585
1.28	287.3775446
1.281	240.4049379
1.282	203.1006389
1.283	226.0734398
1.284	286.8101182
1.285	309.4409926
1.286	278.1467558
1.287	229.6226119
1.288	213.2297506
1.289	244.7433597
1.29	276.6050229
1.291	266.4942943
1.292	229.7843835
1.293	215.512937
1.294	246.0228264
1.295	284.8124834
1.296	284.8602795
1.297	248.1908117
1.298	222.6799116
1.299	244.4639359
1.3	288.3114082
1.301	295.5139236
1.302	256.5821037
1.303	216.1097763
1.304	221.233771
1.305	266.2675689
1.306	291.9598493
1.307	271.9920795
1.308	228.2843191
1.309	210.0347604
1.31	238.4097542
1.311	276.1932405
1.312	275.8341564
1.313	238.2884254
1.314	208.1927695
1.315	225.1175163
1.316	271.2212131
1.317	287.5037755
1.318	258.0429507
1.319	215.8695699
1.32	207.6572073
1.321	243.4994337
1.322	272.9651606
1.323	260.4474658
1.324	222.520591
1.325	205.9279663
1.326	233.8262239
1.327	269.5140319
1.328	268.2076032
1.329	235.3667313
1.33	214.9933068
1.331	234.5725795
1.332	270.7738899
1.333	274.4027223
1.334	240.6279867
1.335	208.7773534
1.336	214.5067663
1.337	245.4198593
1.338	258.1434453
1.339	238.8350175
1.34	214.9994345
1.341	221.2619585
1.342	249.7607321
1.343	260.7844901
1.344	240.3608184
1.345	215.4786218
1.346	221.3171079
1.347	250.0462836
1.348	262.0026797
1.349	241.7052389
1.35	212.9441991
1.351	215.1085078
1.352	245.9223319
1.353	263.8079043
1.354	248.0510998
1.355	217.2335991
1.356	212.6868351
1.357	239.1132158
1.358	259.752583
1.359	249.4727295
1.36	223.7559382
1.361	220.9543473
1.362	248.1724286
1.363	267.988231
1.364	253.3086787
1.365	219.1099053
1.366	204.2195595
1.367	221.8440914
1.368	244.2923599
1.369	241.163549
1.37	221.6320725
1.371	220.3611845
1.372	245.6980575
1.373	264.6804909
1.374	253.3037765
1.375	224.5317069
1.376	214.5655923
1.377	232.1337492
1.378	248.5731811
1.379	238.6254497
1.38	213.0067018
1.381	207.3777835
1.382	228.1850501
1.383	246.0583671
1.384	239.4220526
1.385	221.1357276
1.386	219.3047666
1.387	233.3899306
1.388	240.1291908
1.389	228.4620228
1.39	213.3902967
1.391	216.2347817
1.392	228.8848351
1.393	229.9498318
1.394	216.1416405
1.395	207.2417482
1.396	212.7419846
1.397	221.8440914
1.398	220.7962522
1.399	213.4785358
1.4	214.6305461
1.401	222.276708
1.402	224.3883183
1.403	218.5522833
1.404	215.8904042
1.405	220.2104427
1.406	222.8392322
1.407	218.8035195
1.408	213.4074543
1.409	213.5091744
1.41	214.542307
1.411	212.7910063
1.412	210.5936079
1.413	211.3755043
1.414	212.1034767
1.415	211.4600667
1.416	212.2946614
1.417	214.7126575
1.418	214.7506493
1.419	212.295887
1.42	210.2480049
1.421	209.9391681
1.422	208.9268697
1.423	207.8140767
1.424	208.3116471
1.425	209.1303098
1.426	206.8238381
1.427	204.0001874
1.428	203.7563043
1.429	204.2207851
1.43	203.7121848
1.431	203.1251498
1.432	203.8077771
1.433	204.3960377
1.434	203.2403508
1.435	200.9081427
1.436	198.4864701
1.437	196.7020797
1.438	195.7179687
1.439	195.3809445
1.44	196.1015637
1.441	197.612658
1.442	198.097973
1.443	196.0807294
1.444	192.3612069
1.445	190.1527786
1.446	190.9493815
1.447	192.9286332
1.448	192.7901469
1.449	190.4677431
1.45	188.2838258
1.451	187.6967907
1.452	188.9235591
1.453	189.5130453
1.454	187.6306114
1.455	184.8425014
1.456	183.6083798
1.457	184.4491022
1.458	184.516507
1.459	181.9355138
1.46	179.6302677
1.461	179.1902978
1.462	180.8729681
1.463	183.0372768
1.464	182.8215813
1.465	180.5751612
1.466	178.1363309
1.467	176.1031553
1.468	175.9426092
1.469	176.6203344
1.47	177.2968341
1.471	177.6706246
1.472	175.8690766
1.473	172.4412333
1.474	169.8504357
1.475	169.1629061
1.476	170.8553808
1.477	172.2684317
1.478	171.4240327
1.479	169.4043381
1.48	167.5341597
1.481	166.6591221
1.482	166.844179
1.483	167.3392983
1.484	166.4777417
1.485	164.2031342
1.486	163.3048113
1.487	163.1234309
1.488	163.2508874
1.489	164.0364603
1.49	165.0806229
1.491	165.2178837
1.492	164.7999735
1.493	163.9041017
1.494	162.0768173
1.495	159.8242695
1.496	158.8180989
1.497	158.9369765
1.498	158.7078
1.499	157.506768
1.5	156.0765595
1.501	154.7456199
1.502	153.7210661
1.503	154.0041665
1.504	154.8363101
1.505	155.0078861
1.506	154.1095632
1.507	152.7994579
1.508	152.174431
1.509	152.5531238
1.51	152.5188086
1.511	151.6474476
1.512	150.3312146
1.513	149.0934163
1.514	148.0468027
1.515	147.9818489
1.516	148.2833325
1.517	148.7012426
1.518	149.1485657
1.519	149.2796988
1.52	148.1607782
1.521	147.2857406
1.522	147.2367189
1.523	147.0308277
1.524	146.0025972
1.525	144.9498559
1.526	144.0895248
1.527	143.4828811
1.528	143.1127671
1.529	143.236547
1.53	143.5686691
1.531	143.3921909
1.532	142.8492754
1.533	142.1433627
1.534	141.1678306
1.535	140.4704967
1.536	140.0869018
1.537	140.5023609
1.538	140.7107031
1.539	140.0378801
1.54	138.9189595
1.541	137.8429329
1.542	137.5500281
1.543	137.6137563
1.544	137.4679167
1.545	137.2117783
1.546	136.5695938
1.547	135.7938252
1.548	135.2889015
1.549	134.9383963
1.55	134.6687769
1.551	134.5609291
1.552	134.4922987
1.553	133.8378588
1.554	132.8280115
1.555	132.1061667
1.556	131.397803
1.557	130.6747327
1.558	130.5791403
1.559	130.2139286
1.56	129.4614453
1.561	128.8584782
1.562	128.4332148
1.563	127.8192178
1.564	127.6513185
1.565	127.365767
1.566	127.1892888
1.567	127.0348704
1.568	126.5887728
1.569	124.9759584
1.57	123.3803016
1.571	122.9562638
1.572	122.9329785
1.573	122.4513401
1.574	121.8728839
1.575	121.5517917
1.576	121.3777646
1.577	121.8373431
1.578	122.5015874
1.579	122.2013294
1.58	121.5456639
1.581	121.39002
1.582	120.4720884
1.583	119.2661542
1.584	118.2575325
1.585	117.3677883
1.586	117.2121444
1.587	118.3690569
1.588	119.3617466
1.589	118.9046191
1.59	117.7955028
1.591	117.1949868
1.592	117.357984
1.593	117.143514
1.594	116.0062102
1.595	114.9497923
1.596	114.0784313
1.597	113.7646923
1.598	113.9423961
1.599	113.639687
1.6	112.9117145
1.601	112.0280981
1.602	111.5770983
1.603	111.5721962
1.604	111.7315167
1.605	112.1555546
1.606	112.4325273
1.607	111.8124026
1.608	111.0844301
1.609	110.1199279
1.61	108.8723253
1.611	108.2423962
1.612	107.9605214
1.613	107.6823231
1.614	107.2104891
1.615	106.9518996
1.616	107.0879349
1.617	107.5891819
1.618	108.1860213
1.619	108.0806246
1.62	107.0940626
1.621	105.4910525
1.622	104.3880639
1.623	104.2949227
1.624	104.4517922
1.625	104.5142949
1.626	104.4628221
1.627	104.1723684
1.628	103.7225942
1.629	103.1772276
1.63	102.3107688
1.631	101.1942993
1.632	100.5079953
1.633	100.2898486
1.634	99.95282434
1.635	99.2052432
1.636	98.55202886
1.637	98.3302056
1.638	98.04097749
1.639	97.78729011
1.64	98.06181171
1.641	98.41476806
1.642	97.91964874
1.643	97.17329314
1.644	96.24188057
1.645	95.4648864
1.646	95.64013903
1.647	96.56542389
1.648	96.63282874
1.649	95.6278836
1.65	94.03467789
1.651	92.44392326
1.652	92.38877383
1.653	93.34347171
1.654	94.15355554
1.655	94.37170217
1.656	93.75280303
1.657	92.38877383
1.658	90.84336429
1.659	90.0173484
1.66	90.2661336
1.661	90.88013057
1.662	90.75880183
1.663	90.248976
1.664	89.99773971
1.665	89.44624543
1.666	89.39354709
1.667	90.20240537
1.668	90.8666496
1.669	90.9953316
1.67	90.05534023
1.671	88.35551229
1.672	87.05153469
1.673	86.5858284
1.674	86.5772496
1.675	87.02212166
1.676	87.39713777
1.677	87.28316229
1.678	86.40322251
1.679	85.17277749
1.68	84.6899136
1.681	84.7328076
1.682	85.05757646
1.683	85.1531688
1.684	84.96075857
1.685	84.69236469
1.686	84.47054143
1.687	84.11390846
1.688	83.42270229
1.689	82.91777863
1.69	82.93616177
1.691	82.96312371
1.692	82.26333874
1.693	81.23388274
1.694	80.47649726
1.695	79.95809263
1.696	80.05613606
1.697	80.60027709
1.698	80.73631234
1.699	80.75592103
1.7	80.42992663
1.701	79.65048137
1.702	78.581808
1.703	77.58053949
1.704	77.12096091
1.705	77.19939566
1.706	77.04742834
1.707	76.43098029
1.708	75.58290463
1.709	75.17847549
1.71	75.29122543
1.711	75.88316263
1.712	76.39176291
1.713	76.27288526
1.714	75.62457309
1.715	75.17112223
1.716	74.59879371
1.717	73.66002789
1.718	73.30462046
1.719	72.9970092
1.72	73.00068583
1.721	72.98965594
1.722	72.47125131
1.723	72.03495806
1.724	71.92956137
1.725	71.90014834
1.726	71.99696623
1.727	71.63420554
1.728	71.07290691
1.729	70.72975491
1.73	70.55940446
1.731	70.41111377
1.732	70.31674697
1.733	70.03119549
1.734	69.51524194
1.735	69.0078672
1.736	68.79584829
1.737	68.78236731
1.738	69.07282097
1.739	68.74069886
1.74	68.0384628
1.741	67.36441423
1.742	67.18671051
1.743	67.33867783
1.744	67.68918309
1.745	67.05435189
1.746	66.13274366
1.747	65.62414337
1.748	65.70870583
1.749	65.91214594
1.75	65.95749103
1.751	65.47830377
1.752	64.82631497
1.753	64.32139131
1.754	64.16329629
1.755	64.05667406
1.756	64.17310063
1.757	64.13143217
1.758	63.73925846
1.759	62.99167731
1.76	62.324982
1.761	62.10806091
1.762	62.3164032
1.763	62.5995036
1.764	62.24409617
1.765	61.68769971
1.766	61.10924349
1.767	60.7636404
1.768	60.59819211
1.769	60.40823297
1.77	60.41068406
1.771	60.4290672
1.772	60.652116
1.773	60.3347004
1.774	59.44863291
1.775	58.72678817
1.776	58.46697309
1.777	58.48903286
1.778	58.76845663
1.779	58.58217411
1.78	58.24760091
1.781	57.53065834
1.782	56.9117592
1.783	56.8173924
1.784	57.28554977
1.785	57.33702257
1.786	57.28800086
1.787	57.03431349
1.788	56.64704194
1.789	56.17275686
1.79	55.67886309
1.791	55.61881149
1.792	56.07716451
1.793	56.70219137
1.794	56.81984349
1.795	55.90558851
1.796	54.96559714
1.797	54.67882011
1.798	54.9815292
1.799	55.10408349
1.8	54.64205383
1.801	53.79275263
1.802	53.03536714
1.803	53.21797303
1.804	53.48269029
1.805	53.27067137
1.806	52.65789994
1.807	51.90786771
1.808	51.46667229
1.809	51.6357972
1.81	51.77060691
1.811	51.26568326
1.812	51.05979206
1.813	51.32083269
1.814	51.53652823
1.815	51.46177011
1.816	50.93478669
1.817	49.9972464
1.818	49.03764634
1.819	48.99230126
1.82	49.43594777
1.821	49.55482543
1.822	49.24353754
1.823	48.72880954
1.824	48.298644
1.825	48.47022
1.826	49.03274417
1.827	49.11730663
1.828	48.27903531
1.829	47.42483194
1.83	46.9174572
1.831	47.09883754
1.832	47.8010736
1.833	47.79126926
1.834	46.98241097
1.835	46.09756903
1.836	45.68701217
1.837	45.73848497
1.838	45.92599303
1.839	45.9652104
1.84	45.99584897
1.841	46.05467503
1.842	46.20664234
1.843	45.8794224
1.844	45.21640371
1.845	44.55338503
1.846	44.16733903
1.847	43.99821411
1.848	43.89159189
1.849	43.51657577
1.85	43.55211651
1.851	43.837668
1.852	43.77271423
1.853	43.27882046
1.854	42.83885057
1.855	42.45770674
1.856	42.18318514
1.857	42.15867429
1.858	42.12068246
1.859	42.16235091
1.86	42.22362806
1.861	42.15254657
1.862	42.0275412
1.863	41.57776697
1.864	41.05936234
1.865	41.13902263
1.866	41.4098676
1.867	41.54345177
1.868	41.28608777
1.869	41.09367754
1.87	41.06426451
1.871	40.82528366
1.872	40.29584914
1.873	40.20638451
1.874	40.18064811
1.875	40.07402589
1.876	39.62180057
1.877	39.03231446
1.878	38.58989349
1.879	38.22468171
1.88	38.09354863
1.881	38.6046
1.882	39.16099646
1.883	39.44042023
1.884	38.93304549
1.885	38.0212416
1.886	37.10576109
1.887	36.75893246
1.888	36.65966349
1.889	36.62044611
1.89	36.80672863
1.891	37.08002469
1.892	37.31042674
1.893	37.35332074
1.894	37.04203286
1.895	36.45254674
1.896	36.0395388
1.897	35.85815846
1.898	35.57873469
1.899	35.29808537
1.9	35.26499571
1.901	35.46843583
1.902	36.01747903
1.903	36.37778863
1.904	35.91453343
1.905	34.68653949
1.906	33.40094503
1.907	33.07862726
1.908	33.72939051
1.909	34.55050423
1.91	34.44510754
1.911	33.74532257
1.912	33.1484832
1.913	33.00754577
1.914	33.30657823
1.915	33.84091491
1.916	33.83846383
1.917	33.49898846
1.918	33.07249954
1.919	32.58350794
