0 15.484
0.01 46.453
0.02 71.448
0.03 71.885
0.04 69.667
0.05 67.546
0.06 66.959
0.07 66.901
0.08 66.843
0.09 66.786
0.1 66.728
0.11 66.67
0.12 66.612
0.13 66.555
0.14 66.497
0.15 66.439
0.16 66.381
0.17 66.324
0.18 66.266
0.19 66.208
0.2 66.15
0.21 66.093
0.22 66.035
0.23 65.977
0.24 65.919
0.25 65.844
0.26 65.731
0.27 65.618
0.28 65.504
0.29 65.391
0.3 65.277
0.31 65.164
0.32 65.05
0.33 64.937
0.34 64.823
0.35 64.709
0.36 64.596
0.37 64.482
0.38 64.369
0.39 64.255
0.4 64.142
0.41 64.028
0.42 63.915
0.43 63.801
0.44 63.688
0.45 63.574
0.46 63.46
0.47 63.347
0.48 63.233
0.49 63.12
0.5 63.01
0.51 62.904
0.52 62.797
0.53 62.691
0.54 62.585
0.55 62.479
0.56 62.373
0.57 62.266
0.58 62.16
0.59 62.054
0.6 61.948
0.61 61.841
0.62 61.735
0.63 61.629
0.64 61.523
0.65 61.416
0.66 61.31
0.67 61.204
0.68 61.098
0.69 60.992
0.7 60.885
0.71 60.753
0.725 60.553
0.7475 60.193
0.78125 59.161
0.83125 57.843
0.88125 56.525
0.93125 55.207
0.98125 53.883
1.0313 52.534
1.0813 51.183
1.1313 49.831
1.1813 48.48
1.2313 46.978
1.2813 44.91
1.3313 42.787
1.3813 40.664
1.4313 38.541
1.4813 36.395
1.5313 34.146
1.5813 31.884
1.6313 29.623
1.6813 27.362
1.7313 25.057
1.7813 22.578
1.8313 20.081
1.8813 17.584
1.9313 15.086
1.9813 12.34
2.0313 8.7229
2.0813 5.0848
2.1313 3.1649
2.1813 2.0641
2.2313 0.96323
2.2813 0.077403
2.3313 0
2.3812 0
2.4312 0
2.4812 0
2.5312 0
2.5812 0
2.6312 0
2.6812 0
2.7312 0
2.7812 0
2.8312 0
2.8812 0
2.9312 0
2.9812 0
3.0312 0
3.0812 0
3.1312 0
3.1812 0