0 4.723686859
0.001 10.23465486
0.002 8.135238479
0.003 11.021936
0.004 12.07164419
0.005 13.51499296
0.006 21.78144496
0.007 34.90279734
0.008 52.81344335
0.009 70.65848259
0.01 85.94485812
0.011 91.45582612
0.012 91.45582612
0.013 86.46971222
0.014 74.13564097
0.015 63.04809821
0.016 57.86516402
0.017 61.86717649
0.018 66.26282954
0.019 71.18333669
0.02 79.90903602
0.021 91.25900584
0.022 113.7621252
0.023 143.0883478
0.024 183.7645401
0.025 217.7488428
0.026 255.4727309
0.027 296.8705977
0.028 329.9364057
0.029 365.5608774
0.03 390.1634132
0.031 413.6506339
0.032 427.1000201
0.033 437.9251358
0.034 456.4262427
0.035 469.4819883
0.036 492.5755685
0.037 526.6910847
0.038 573.3374925
0.039 621.2304287
0.04 655.2147313
0.041 677.1273898
0.042 695.7597102
0.043 721.4119541
0.044 741.9468706
0.045 744.8991749
0.046 723.7737975
0.047 688.6085732
0.048 639.9939626
0.049 584.753069
0.05 534.5638962
0.051 503.466291
0.052 494.8061984
0.053 505.7625277
0.054 536.4664923
0.055 561.069028
0.056 579.0452807
0.057 591.9698128
0.058 612.7015496
0.059 637.4352989
0.06 650.359831
0.061 665.0557456
0.062 680.9981888
0.063 707.5033206
0.064 723.380157
0.065 701.9267458
0.066 646.4234252
0.067 587.5741598
0.068 542.8959549
0.069 503.9255383
0.07 495.5934796
0.071 540.7965385
0.072 631.596297
0.073 718.5252566
0.074 762.0225397
0.075 747.2610183
0.076 691.4952707
0.077 609.4868183
0.078 511.9951701
0.079 428.8057959
0.08 399.6763936
0.081 446.3884081
0.082 518.4902395
0.083 572.090964
0.084 592.2978466
0.085 576.1585832
0.086 526.625478
0.087 441.2710807
0.088 392.0004025
0.089 462.2652445
0.09 596.1686456
0.091 670.0418595
0.092 681.4574361
0.093 661.3161602
0.094 609.8148521
0.095 455.8357818
0.096 321.7355605
0.097 305.2026565
0.098 334.0696317
0.099 363.7238881
0.1 371.3998793
0.101 445.7323405
0.102 492.7723888
0.103 476.0426645
0.104 422.0482995
0.105 381.2408935
0.106 372.9744415
0.107 373.6305092
0.108 381.8313544
0.109 392.1972228
0.11 396.4616623
0.111 396.3960555
0.112 425.9847052
0.113 450.5872409
0.114 449.6031395
0.115 405.7122157
0.116 392.131616
0.117 394.0998189
0.118 387.99839
0.119 357.4912457
0.12 336.0378346
0.121 340.1054538
0.122 355.3262226
0.123 379.3382974
0.124 443.3704971
0.125 487.3926343
0.126 461.8716039
0.127 422.1139062
0.128 385.4397263
0.129 373.958543
0.13 304.7434091
0.131 263.0831153
0.132 288.7353592
0.133 316.8150533
0.134 352.1114912
0.135 385.7021534
0.136 460.8218958
0.137 484.2435098
0.138 416.4061179
0.139 385.5709398
0.14 356.7039646
0.141 349.2904005
0.142 307.3020729
0.143 293.9839002
0.144 331.9702153
0.145 345.9444556
0.146 367.3978668
0.147 400.2012477
0.148 453.4083317
0.149 465.8736164
0.15 431.5612799
0.151 417.3902194
0.152 410.1734755
0.153 398.3642584
0.154 367.8571141
0.155 363.0678205
0.156 370.6782049
0.157 379.7975448
0.158 391.9347957
0.159 417.6526464
0.16 430.8396056
0.161 417.8494667
0.162 405.646609
0.163 393.8373918
0.164 396.7240894
0.165 388.8512779
0.166 394.1654256
0.167 395.6743812
0.168 392.1972228
0.169 386.358221
0.17 389.3105253
0.171 390.1634132
0.172 376.976454
0.173 361.6244717
0.174 358.4753472
0.175 360.5091568
0.176 363.7238881
0.177 365.2984504
0.178 369.6284967
0.179 371.1374522
0.18 368.1851479
0.181 367.9227209
0.182 373.5649024
0.183 388.2608171
0.184 393.9686054
0.185 384.7180519
0.186 384.6524452
0.187 387.6703562
0.188 392.6564701
0.189 393.1157174
0.19 391.6723687
0.191 377.2388811
0.192 366.6761924
0.193 367.7259006
0.194 378.0261622
0.195 379.5351177
0.196 372.6464077
0.197 364.6423828
0.198 366.8730127
0.199 377.9605554
0.2 403.6127994
0.201 424.6725699
0.202 420.6705575
0.203 396.7896961
0.204 385.0460857
0.205 387.8671765
0.206 385.242906
0.207 374.22097
0.208 372.1871604
0.209 376.7796337
0.21 377.2388811
0.211 380.847253
0.212 389.6385591
0.213 389.7041658
0.214 371.7935198
0.215 361.0996176
0.216 358.803381
0.217 364.7079895
0.218 372.1215536
0.219 374.22097
0.22 369.3004629
0.221 367.6602938
0.222 369.1036426
0.223 380.5192192
0.224 388.1296035
0.225 388.7200644
0.226 373.8929362
0.227 368.5131817
0.228 370.087744
0.229 377.1732743
0.23 383.0778829
0.231 384.1275911
0.232 374.8114309
0.233 369.0380358
0.234 365.1672369
0.235 361.4276514
0.236 352.6363453
0.237 346.2724894
0.238 344.1730731
0.239 349.159187
0.24 362.6741799
0.241 392.2628295
0.242 418.2431073
0.243 412.2728919
0.244 391.4755484
0.245 378.6822298
0.246 376.0579593
0.247 353.2268062
0.248 331.6421815
0.249 336.759509
0.25 345.7476353
0.251 350.9961763
0.252 355.9166834
0.253 379.2726907
0.254 388.3264238
0.255 361.7556852
0.256 339.3837794
0.257 333.6103844
0.258 344.5667136
0.259 351.8490642
0.26 355.4574361
0.261 363.7238881
0.262 369.6941034
0.263 367.7259006
0.264 373.958543
0.265 386.5550413
0.266 390.0321996
0.267 377.5013081
0.268 365.0360233
0.269 361.2964379
0.27 367.9227209
0.271 356.047897
0.272 342.2048702
0.273 335.5129805
0.274 338.0716442
0.275 348.9623667
0.276 370.087744
0.277 410.2390823
0.278 423.6884685
0.279 397.8394043
0.28 385.5709398
0.281 384.2588046
0.282 366.8730127
0.283 341.0895552
0.284 340.1054538
0.285 346.2724894
0.286 356.5071443
0.287 367.7259006
0.288 401.9726303
0.289 428.8714027
0.29 421.9826927
0.291 400.8573154
0.292 382.7498491
0.293 382.487422
0.294 350.6025357
0.295 316.8806601
0.296 319.1768968
0.297 336.6282954
0.298 354.0796941
0.299 363.2646408
0.3 419.0959952
0.301 455.507748
0.302 412.535319
0.303 377.5669149
0.304 356.8351781
0.305 361.4932582
0.306 318.9144697
0.307 286.3735158
0.308 311.3696921
0.309 331.7077883
0.31 345.8788489
0.311 355.2606158
0.312 410.042262
0.313 439.4996981
0.314 406.6307104
0.315 385.7677601
0.316 380.3880056
0.317 382.2906017
0.318 355.2606158
0.319 345.288388
0.32 357.0976052
0.321 362.1493258
0.322 365.3640572
0.323 367.9227209
0.324 372.1871604
0.325 367.6602938
0.326 355.2606158
0.327 353.7516603
0.328 358.0160998
0.329 372.4495874
0.33 409.8454417
0.331 422.5075468
0.332 408.2052727
0.333 397.5113705
0.334 392.5252566
0.335 370.087744
0.336 317.733548
0.337 301.6598913
0.338 323.0476957
0.339 343.3857919
0.34 352.5051318
0.341 369.9565305
0.342 412.6009257
0.343 420.8673777
0.344 404.4656873
0.345 388.5232441
0.346 379.2726907
0.347 365.5608774
0.348 332.626283
0.349 334.6600926
0.35 351.6522439
0.351 362.6741799
0.352 368.9068223
0.353 369.6284967
0.354 370.8750252
0.355 369.6941034
0.356 370.2189575
0.357 371.1374522
0.358 367.4634735
0.359 367.2010465
0.36 372.9744415
0.361 376.8452405
0.362 384.0619843
0.363 386.1614007
0.364 383.7339505
0.365 380.6504327
0.366 374.4177903
0.367 367.7259006
0.368 366.0201248
0.369 363.3958543
0.37 362.8053934
0.371 361.558865
0.372 371.0718454
0.373 379.8631515
0.374 378.5510163
0.375 380.2567921
0.376 379.731938
0.377 382.8810626
0.378 378.091769
0.379 371.0062387
0.38 371.203059
0.381 368.7756088
0.382 366.1513383
0.383 360.9684041
0.384 367.33226
0.385 375.0082512
0.386 369.825317
0.387 363.4614611
0.388 361.2964379
0.389 362.6085732
0.39 338.8589253
0.391 313.600322
0.392 324.622258
0.393 343.648219
0.394 354.5389414
0.395 365.3640572
0.396 418.1775005
0.397 449.4063192
0.398 427.1656269
0.399 401.9726303
0.4 393.3781445
0.401 379.469511
0.402 314.3219964
0.403 286.3735158
0.404 313.9283558
0.405 346.6005232
0.406 363.1334272
0.407 367.5290803
0.408 418.1118937
0.409 456.6886698
0.41 442.9768565
0.411 420.2769169
0.412 405.646609
0.413 400.2012477
0.414 349.6840411
0.415 318.0615818
0.416 348.3719058
0.417 362.2805393
0.418 359.3282351
0.419 347.7158382
0.42 360.44355
0.421 370.6782049
0.422 362.0181123
0.423 361.821292
0.424 360.8371906
0.425 358.4097404
0.426 342.270477
0.427 335.0537331
0.428 345.6164218
0.429 348.5687261
0.43 352.5707386
0.431 352.2427048
0.432 355.0637955
0.433 352.9643792
0.434 361.558865
0.435 372.843228
0.436 381.3065003
0.437 377.3044878
0.438 359.4594486
0.439 357.0319984
0.44 368.6443953
0.441 378.4198028
0.442 379.6663313
0.443 372.9088348
0.444 367.2010465
0.445 341.155162
0.446 325.0158986
0.447 345.8132421
0.448 361.821292
0.449 362.8053934
0.45 361.9525055
0.451 386.6862548
0.452 408.7301268
0.453 402.5630912
0.454 391.2131214
0.455 381.5033206
0.456 381.5689273
0.457 353.6860535
0.458 329.6083719
0.459 349.5528275
0.46 361.6900785
0.461 366.4793721
0.462 364.8392031
0.463 399.1515395
0.464 425.8534916
0.465 403.8752264
0.466 387.6703562
0.467 388.1296035
0.468 385.6365466
0.469 348.4375126
0.47 322.1948078
0.471 345.3539948
0.472 361.4932582
0.473 357.3600322
0.474 356.4415375
0.475 380.7160394
0.476 394.8214933
0.477 381.9625679
0.478 369.825317
0.479 365.1672369
0.48 364.7735963
0.481 342.9265446
0.482 327.9025961
0.483 332.1014289
0.484 337.8092171
0.485 340.8271282
0.486 339.9742403
0.487 354.7357617
0.488 362.8053934
0.489 355.7198632
0.49 355.3918293
0.491 357.4912457
0.492 357.4912457
0.493 352.2427048
0.494 356.047897
0.495 364.5111692
0.496 366.7417992
0.497 367.0042262
0.498 365.4296639
0.499 357.6224592
0.5 356.2447172
0.501 363.7894949
0.502 363.0678205
0.503 362.4773596
0.504 360.8371906
0.505 349.159187
0.506 340.0398471
0.507 339.77742
0.508 347.5846247
0.509 353.6860535
0.51 349.3560072
0.511 374.0897565
0.512 393.0501107
0.513 388.7200644
0.514 379.3382974
0.515 372.5151942
0.516 378.7478366
0.517 350.4713222
0.518 334.004025
0.519 352.0458845
0.52 362.8053934
0.521 365.1672369
0.522 356.7695713
0.523 361.2964379
0.524 356.6383578
0.525 340.7615214
0.526 341.2207688
0.527 343.5826122
0.528 349.4872208
0.529 365.692091
0.53 375.1394647
0.531 366.2169451
0.532 351.914671
0.533 345.0915677
0.534 348.5687261
0.535 341.0239485
0.536 332.5606762
0.537 336.8907225
0.538 343.910646
0.539 346.403703
0.54 351.8490642
0.541 375.8611391
0.542 390.753874
0.543 375.4018917
0.544 362.7397867
0.545 361.821292
0.546 360.6403703
0.547 340.6959147
0.548 323.244516
0.549 326.6560676
0.55 336.1034413
0.551 340.3678809
0.552 338.3340712
0.553 355.7854699
0.554 375.7955323
0.555 373.3024753
0.556 366.8730127
0.557 365.0360233
0.558 369.5628899
0.559 349.7496478
0.56 326.9841014
0.561 333.2167438
0.562 340.4990944
0.563 345.1571745
0.564 349.0279734
0.565 385.4397263
0.566 415.1595895
0.567 398.2986516
0.568 382.3562085
0.569 375.7955323
0.57 368.3163614
0.571 320.0297847
0.572 282.5027168
0.573 294.5087543
0.574 309.4014892
0.575 321.6699537
0.576 351.5210304
0.577 412.1416784
0.578 435.3008654
0.579 400.398068
0.58 378.1573757
0.581 374.4833971
0.582 347.8470517
0.583 295.952103
0.584 282.3058966
0.585 300.6101831
0.586 315.3717046
0.587 326.9184947
0.588 365.8233045
0.589 412.7321393
0.59 412.3384987
0.591 386.5550413
0.592 366.4137653
0.593 363.7238881
0.594 331.1173274
0.595 286.7671564
0.596 290.5723486
0.597 307.6301067
0.598 327.115315
0.599 339.514993
0.6 392.0004025
0.601 434.7104045
0.602 401.8414168
0.603 372.6464077
0.604 356.047897
0.605 363.4614611
0.606 349.6840411
0.607 345.288388
0.608 360.44355
0.609 361.6244717
0.61 363.5270678
0.611 361.7556852
0.612 353.7516603
0.613 342.9265446
0.614 344.7635339
0.615 355.6542564
0.616 359.0002012
0.617 353.7516603
0.618 365.1016301
0.619 372.2527672
0.62 358.803381
0.621 343.4513987
0.622 336.2346549
0.623 333.5447776
0.624 310.7136245
0.625 297.5922721
0.626 312.2881868
0.627 329.7395854
0.628 332.4294627
0.629 332.7574965
0.63 365.7576977
0.631 384.2588046
0.632 366.0857315
0.633 347.1253773
0.634 343.4513987
0.635 345.6820286
0.636 300.9382169
0.637 272.5960958
0.638 295.8208895
0.639 323.1133025
0.64 334.9881264
0.641 336.8251157
0.642 388.9168847
0.643 420.4737372
0.644 393.1813242
0.645 364.314349
0.646 356.8351781
0.647 359.9186959
0.648 307.5644999
0.649 274.9579392
0.65 303.2344536
0.651 337.6123969
0.652 353.6204468
0.653 358.2129201
0.654 416.2749044
0.655 451.1777018
0.656 413.7818475
0.657 377.6981284
0.658 363.5270678
0.659 357.2944254
0.66 305.2682632
0.661 270.4310727
0.662 301.1350372
0.663 332.2326424
0.664 341.0895552
0.665 343.4513987
0.666 392.9845039
0.667 424.8693902
0.668 392.7876836
0.669 359.4594486
0.67 347.3878044
0.671 344.5667136
0.672 306.9084323
0.673 278.6319179
0.674 297.7234856
0.675 316.0277722
0.676 320.6202455
0.677 326.7872811
0.678 349.6840411
0.679 365.2328436
0.68 345.3539948
0.681 328.5586637
0.682 327.3121352
0.683 323.0476957
0.684 306.0555444
0.685 298.7731938
0.686 313.9939626
0.687 326.3280338
0.688 328.6898772
0.689 336.5626887
0.69 361.821292
0.691 375.9267458
0.692 363.3302475
0.693 353.6204468
0.694 351.6522439
0.695 339.8430268
0.696 313.0754679
0.697 297.067418
0.698 309.5983095
0.699 316.4870195
0.7 314.978064
0.701 316.4214128
0.702 319.6361441
0.703 328.3618434
0.704 338.7277118
0.705 346.0756691
0.706 348.3062991
0.707 345.3539948
0.708 346.9941638
0.709 350.6681425
0.71 349.9464681
0.711 341.4175891
0.712 336.6939022
0.713 338.399678
0.714 324.359831
0.715 313.0754679
0.716 328.8866975
0.717 347.1253773
0.718 350.6025357
0.719 338.8589253
0.72 347.781445
0.721 352.8987724
0.722 341.155162
0.723 333.2823506
0.724 333.0855303
0.725 339.3181727
0.726 326.8528879
0.727 317.7991548
0.728 328.2306299
0.729 334.7256993
0.73 334.4632723
0.731 331.8390018
0.732 341.2207688
0.733 350.2088951
0.734 344.4355001
0.735 338.5308915
0.736 337.2843631
0.737 335.5129805
0.738 313.2066814
0.739 288.4729322
0.74 294.8367881
0.741 314.5844234
0.742 325.8687865
0.743 321.5387402
0.744 341.6144093
0.745 366.6761924
0.746 365.4952707
0.747 354.3421212
0.748 349.8152546
0.749 353.0955927
0.75 331.7077883
0.751 316.6838398
0.752 329.7395854
0.753 343.3201851
0.754 349.4872208
0.755 341.8768364
0.756 335.2505534
0.757 325.9343932
0.758 323.9005836
0.759 335.9066211
0.76 345.3539948
0.761 340.6959147
0.762 333.8728114
0.763 322.1948078
0.764 316.618233
0.765 335.381767
0.766 338.9245321
0.767 334.5288791
0.768 328.2306299
0.769 334.1352385
0.77 338.3340712
0.771 339.0557456
0.772 335.1193399
0.773 331.7077883
0.774 323.4413363
0.775 294.2463272
0.776 279.8128396
0.777 303.2344536
0.778 322.0635943
0.779 326.7216744
0.78 317.5367277
0.781 317.3399074
0.782 303.1688469
0.783 292.8685852
0.784 305.1370497
0.785 315.0436708
0.786 317.0118736
0.787 317.0774804
0.788 326.5904609
0.789 326.0656068
0.79 317.4711209
0.791 311.5009056
0.792 308.4173878
0.793 299.1668344
0.794 286.5703361
0.795 287.4888308
0.796 306.6460052
0.797 319.6361441
0.798 317.733548
0.799 326.0656068
0.8 350.6025357
0.801 366.1513383
0.802 354.4733347
0.803 342.0736567
0.804 340.4334876
0.805 330.0676192
0.806 300.5445764
0.807 281.7154357
0.808 294.9680016
0.809 307.5644999
0.81 307.0396458
0.811 306.6460052
0.812 319.3081103
0.813 330.6580801
0.814 329.870799
0.815 324.5566512
0.816 324.622258
0.817 326.5904609
0.818 331.4453612
0.819 326.3280338
0.82 321.4075267
0.821 312.485007
0.822 307.0396458
0.823 305.596297
0.824 284.2084927
0.825 265.641779
0.826 266.8227007
0.827 289.1946066
0.828 303.0376333
0.829 323.9005836
0.83 373.0400483
0.831 391.7379754
0.832 357.3600322
0.833 326.4592473
0.834 326
0.835 301.200644
0.836 247.2718857
0.837 234.2817468
0.838 264.3952506
0.839 282.1090763
0.84 279.4848058
0.841 299.1668344
0.842 337.2843631
0.843 357.5568525
0.844 349.421614
0.845 340.3678809
0.846 339.4493862
0.847 320.2922117
0.848 280.6657275
0.849 258.0970014
0.85 284.7989535
0.851 313.6659288
0.852 315.1748843
0.853 311.5665124
0.854 328.0994164
0.855 352.8331656
0.856 362.4117529
0.857 350.2745019
0.858 339.5805997
0.859 331.9046086
0.86 296.6081707
0.861 257.5721473
0.862 265.5761723
0.863 299.1668344
0.864 318.7176494
0.865 311.5665124
0.866 335.1193399
0.867 375.7299255
0.868 392.5252566
0.869 375.0738579
0.87 355.6542564
0.871 353.0299859
0.872 312.8130409
0.873 227.3930368
0.874 164.0825116
0.875 204.6930972
0.876 267.4131616
0.877 287.685651
0.878 303.3000604
0.879 359.3938418
0.88 414.6347354
0.881 395.8712014
0.882 359.5906621
0.883 340.1710606
0.884 317.6023345
0.885 272.7273093
0.886 261.9021936
0.887 319.11129
0.888 354.8669752
0.889 360.3779432
0.89 352.9643792
0.891 346.9941638
0.892 319.373717
0.893 311.3040853
0.894 352.8987724
0.895 375.4018917
0.896 366.3481586
0.897 350.2745019
0.898 315.8309519
0.899 250.2897967
0.9 232.9696116
0.901 274.1706581
0.902 310.2543771
0.903 312.6818273
0.904 342.270477
0.905 409.3861944
0.906 427.952908
0.907 391.6723687
0.908 366.1513383
0.909 354.6045482
0.91 315.8965587
0.911 236.2499497
0.912 200.887905
0.913 248.5184142
0.914 286.3735158
0.915 298.2483397
0.916 309.2046689
0.917 372.580801
0.918 418.7023546
0.919 392.8532904
0.92 359.1970215
0.921 339.8430268
0.922 325.0815053
0.923 262.4270477
0.924 213.8780439
0.925 242.5481988
0.926 283.289998
0.927 301.3974643
0.928 297.7890924
0.929 318.9144697
0.93 343.5826122
0.931 338.2028577
0.932 322.3916281
0.933 315.240491
0.934 315.8965587
0.935 301.463071
0.936 285.6518414
0.937 293.1310123
0.938 303.6280942
0.939 305.8587241
0.94 305.5306903
0.941 322.1948078
0.942 329.0835178
0.943 316.9462669
0.944 305.4650835
0.945 307.8269269
0.946 315.8309519
0.947 319.8329644
0.948 326.3280338
0.949 326.1968203
0.95 319.3081103
0.951 316.6838398
0.952 326.1312135
0.953 328.8210908
0.954 322.129201
0.955 317.1430871
0.956 319.9641779
0.957 316.1589857
0.958 311.6321191
0.959 315.0436708
0.96 319.4393238
0.961 312.7474341
0.962 304.4153753
0.963 305.0714429
0.964 303.7593077
0.965 291.0315959
0.966 281.2561884
0.967 298.2483397
0.968 319.7017509
0.969 324.6878648
0.97 313.9939626
0.971 298.8388006
0.972 291.4252365
0.973 291.2284162
0.974 300.4133628
0.975 303.6937009
0.976 297.3954518
0.977 287.3576172
0.978 277.9758503
0.979 272.0056349
0.98 290.9003824
0.981 310.9104448
0.982 307.5644999
0.983 295.4928557
0.984 300.8070034
0.985 313.5347152
0.986 322.5884484
0.987 320.489032
0.988 320.2922117
0.989 321.0138861
0.99 301.0038237
0.991 275.6796136
0.992 267.2819481
0.993 281.2561884
0.994 291.1628094
0.995 286.6359428
0.996 289.1289998
0.997 296.6081707
0.998 300.3477561
0.999 295.8864963
1 294.3775408
1.001 294.1151137
1.002 284.1428859
1.003 282.2402898
1.004 292.2125176
1.005 301.3318575
1.006 300.085329
1.007 292.5405514
1.008 285.3894144
1.009 270.4966794
1.01 259.6059569
1.011 264.4608573
1.012 269.6437915
1.013 268.2660495
1.014 264.3952506
1.015 267.8724089
1.016 271.6776011
1.017 274.2362648
1.018 282.6995371
1.019 288.2761119
1.02 292.8685852
1.021 303.3000604
1.022 310.7792312
1.023 308.089354
1.024 296.2145301
1.025 292.4093379
1.026 287.0951902
1.027 272.3336687
1.028 264.5264641
1.029 276.0076474
1.03 294.9023948
1.031 295.3616422
1.032 285.5862347
1.033 291.818877
1.034 296.2145301
1.035 299.1668344
1.036 291.818877
1.037 290.7691688
1.038 290.5067418
1.039 269.3813645
1.04 247.5343127
1.041 248.9120547
1.042 266.3634534
1.043 268.4628698
1.044 270.3654659
1.045 290.3755283
1.046 308.1549608
1.047 315.7653451
1.048 312.485007
1.049 315.1748843
1.05 311.5009056
1.051 279.2223787
1.052 255.5383377
1.053 255.8007647
1.054 278.8943449
1.055 295.8208895
1.056 288.5385389
1.057 285.3238076
1.058 300.1509358
1.059 313.600322
1.06 311.9601529
1.061 298.1827329
1.062 293.5902596
1.063 277.3197827
1.064 236.8404105
1.065 188.3570135
1.066 196.8202858
1.067 244.7788287
1.068 268.4628698
1.069 272.2024552
1.07 306.5147917
1.071 357.688066
1.072 362.8053934
1.073 327.3121352
1.074 306.974039
1.075 307.2364661
1.076 271.5463876
1.077 236.3155564
1.078 237.6276917
1.079 266.1666331
1.08 284.7333467
1.081 278.3038841
1.082 293.3934393
1.083 306.8428255
1.084 310.7792312
1.085 300.4789696
1.086 287.3576172
1.087 291.6876635
1.088 276.9261421
1.089 261.9678004
1.09 257.8345744
1.091 263.4767559
1.092 274.1050513
1.093 269.6437915
1.094 282.7651439
1.095 294.7711813
1.096 295.3616422
1.097 287.2264037
1.098 274.6299054
1.099 278.3038841
1.1 266.2322399
1.101 259.6715637
1.102 258.5562487
1.103 260.0652043
1.104 268.3316563
1.105 263.1487221
1.106 260.7212719
1.107 255.4071242
1.108 260.7868786
1.109 276.2700745
1.11 280.8625478
1.111 280.8625478
1.112 281.3217951
1.113 293.8526867
1.114 306.8428255
1.115 307.5644999
1.116 299.5604749
1.117 296.6081707
1.118 288.6697525
1.119 255.8663715
1.12 214.2716844
1.121 214.8621453
1.122 253.3733146
1.123 266.4290602
1.124 274.6955122
1.125 317.733548
1.126 357.5568525
1.127 343.4513987
1.128 290.5067418
1.129 284.7333467
1.13 280.2720869
1.131 240.7768163
1.132 210.0728517
1.133 222.931777
1.134 264.7888911
1.135 270.7591065
1.136 295.0336084
1.137 333.3479573
1.138 345.9444556
1.139 317.6679412
1.14 282.6339304
1.141 280.4033005
1.142 262.1646206
1.143 235.5282753
1.144 223.7846649
1.145 228.7051721
1.146 238.8742202
1.147 253.7013484
1.148 296.5425639
1.149 325.0158986
1.15 313.3378949
1.151 286.7671564
1.152 274.9579392
1.153 269.5781847
1.154 236.8404105
1.155 217.5520225
1.156 231.9199034
1.157 261.3773395
1.158 265.3137452
1.159 261.508553
1.16 283.8148521
1.161 308.0237472
1.162 319.8329644
1.163 309.3358825
1.164 306.711612
1.165 300.7413967
1.166 276.1388609
1.167 258.1626082
1.168 257.4409338
1.169 276.401288
1.17 282.1090763
1.171 272.7929161
1.172 265.5105655
1.173 257.0472932
1.174 261.7709801
1.175 273.9738378
1.176 283.1587845
1.177 281.6498289
1.178 267.6099819
1.179 252.4548199
1.18 227.1306098
1.181 221.8820688
1.182 237.8901187
1.183 241.3016704
1.184 239.3334675
1.185 258.1626082
1.186 277.8446367
1.187 278.6319179
1.188 267.2163413
1.189 268.9221171
1.19 269.1189374
1.191 256.0631918
1.192 252.1267861
1.193 258.5562487
1.194 260.3932381
1.195 263.0831153
1.196 267.5443751
1.197 279.3535923
1.198 278.5663111
1.199 267.4131616
1.2 260.5900584
1.201 260.0652043
1.202 270.3654659
1.203 266.757094
1.204 268.0692292
1.205 260.3932381
1.206 249.9617629
1.207 246.4846045
1.208 243.6635138
1.209 246.8126384
1.21 254.0949889
1.211 263.8047897
1.212 270.0374321
1.213 270.6934997
1.214 264.9857114
1.215 262.3614409
1.216 263.6735762
1.217 271.0871403
1.218 275.7452204
1.219 272.530489
1.22 265.5761723
1.221 255.4727309
1.222 237.2996579
1.223 238.4805796
1.224 256.4568324
1.225 261.3773395
1.226 260.1964178
1.227 270.6278929
1.228 278.1070638
1.229 278.6975247
1.23 275.8764339
1.231 283.4868183
1.232 289.063393
1.233 271.6776011
1.234 270.89032
1.235 272.9897364
1.236 275.285973
1.237 272.4648823
1.238 271.4807808
1.239 282.8963574
1.24 279.6816261
1.241 268.0692292
1.242 259.2123164
1.243 257.2441135
1.244 261.6397666
1.245 260.9180922
1.246 260.7212719
1.247 258.4250352
1.248 255.0790904
1.249 257.7033608
1.25 262.8206883
1.251 274.8267257
1.252 286.9639767
1.253 290.1131012
1.254 277.8446367
1.255 266.2322399
1.256 265.1825317
1.257 254.2262025
1.258 239.1366472
1.259 234.2161401
1.26 248.5840209
1.261 255.0790904
1.262 256.0631918
1.263 272.2024552
1.264 291.7532703
1.265 291.6876635
1.266 274.6299054
1.267 274.7611189
1.268 274.8923325
1.269 248.5840209
1.27 220.1106863
1.271 212.5659086
1.272 230.935802
1.273 239.202254
1.274 256.4568324
1.275 283.0931777
1.276 293.5902596
1.277 285.5206279
1.278 261.9678004
1.279 259.9995975
1.28 243.0730529
1.281 217.8800563
1.282 208.8263232
1.283 214.1404709
1.284 230.2797344
1.285 240.9736365
1.286 272.0712417
1.287 287.1607969
1.288 277.6478165
1.289 259.2779231
1.29 246.4189978
1.291 244.3851882
1.292 233.1008251
1.293 235.9875226
1.294 229.6236667
1.295 224.8999799
1.296 225.3592272
1.297 236.9060173
1.298 252.3892131
1.299 253.0452807
1.3 250.3554035
1.301 242.6138056
1.302 246.9438519
1.303 243.9915476
1.304 229.55806
1.305 212.6971222
1.306 206.0708392
1.307 212.7627289
1.308 221.1603944
1.309 252.7172469
1.31 281.1249748
1.311 282.3715033
1.312 266.4290602
1.313 256.8504729
1.314 254.2918092
1.315 216.3711008
1.316 189.0786879
1.317 198.9197022
1.318 226.5401489
1.319 238.7430066
1.32 241.4984906
1.321 280.7313343
1.322 312.6818273
1.323 306.4491849
1.324 277.9102435
1.325 267.019521
1.326 261.1149125
1.327 218.6017307
1.328 180.4842021
1.329 180.1561682
1.33 212.4346951
1.331 232.9696116
1.332 240.842423
1.333 279.5504126
1.334 301.6598913
1.335 293.4590461
1.336 268.4628698
1.337 255.6039445
1.338 256.7848662
1.339 234.8722077
1.34 224.5063393
1.341 216.1742805
1.342 214.8621453
1.343 221.6852485
1.344 256.4568324
1.345 289.1289998
1.346 288.6697525
1.347 272.8585228
1.348 258.4250352
1.349 256.1944053
1.35 214.665325
1.351 179.2376736
1.352 168.5437714
1.353 182.2555846
1.354 204.8243107
1.355 244.3195814
1.356 298.9044073
1.357 311.107265
1.358 283.8804588
1.359 255.8663715
1.36 242.3513785
1.361 207.9078285
1.362 173.5298853
1.363 176.2853693
1.364 199.4445562
1.365 215.9118535
1.366 232.6415778
1.367 262.6894747
1.368 273.1209499
1.369 252.9140672
1.37 231.3950493
1.371 235.5282753
1.372 246.1565707
1.373 240.0551419
1.374 225.1624069
1.375 210.1384584
1.376 217.8800563
1.377 246.4189978
1.378 269.1845442
1.379 265.7729926
1.38 246.2877843
1.381 242.9418394
1.382 239.1366472
1.383 222.8005635
1.384 211.7786275
1.385 214.9933588
1.386 233.953713
1.387 244.9100423
1.388 269.4469712
1.389 297.7234856
1.39 297.2642383
1.391 275.2203663
1.392 251.7331455
1.393 240.579996
1.394 229.8860938
1.395 222.0788891
1.396 231.7230831
1.397 242.8106259
1.398 241.2360636
1.399 248.9776615
1.4 250.0273697
1.401 233.2976454
1.402 207.0549406
1.403 196.0986114
1.404 223.6534514
1.405 237.4308714
1.406 232.3791507
1.407 209.2855705
1.408 186.7824512
1.409 206.0708392
1.41 216.3711008
1.411 213.4844033
1.412 195.5737573
1.413 190.981284
1.414 210.5977058
1.415 206.5956933
1.416 198.2636345
1.417 190.7188569
1.418 194.1304085
1.419 216.3054941
1.42 229.0332059
1.421 227.2618233
1.422 208.3670759
1.423 196.5578587
1.424 213.3531898
1.425 218.6673375
1.426 209.9416382
1.427 188.9474743
1.428 185.3391024
1.429 204.1026363
1.43 202.1344335
1.431 186.1919903
1.432 166.9036023
1.433 181.599517
1.434 203.380962
1.435 206.5300865
1.436 199.7725901
1.437 194.7208694
1.438 213.0907627
1.439 217.2239887
1.44 205.2835581
1.441 191.5717448
1.442 196.2954317
1.443 215.9118535
1.444 212.8283357
1.445 198.9853089
1.446 200.2974442
1.447 214.0092574
1.448 214.2060777
1.449 196.6890722
1.45 193.4743409
1.451 206.9893339
1.452 212.8939424
1.453 199.7725901
1.454 192.2934192
1.455 201.3471523
1.456 206.0708392
1.457 194.9832964
1.458 185.1422821
1.459 191.9653854
1.46 198.7884886
1.461 192.9494868
1.462 185.0766754
1.463 189.4067217
1.464 196.492252
1.465 193.0807003
1.466 186.5856309
1.467 189.0130811
1.468 195.9673979
1.469 194.7864762
1.47 190.3252163
1.471 192.621453
1.472 196.8202858
1.473 191.5061381
1.474 182.1899779
1.475 184.6174281
1.476 188.4226202
1.477 187.110485
1.478 182.7804387
1.479 182.8460455
1.48 186.9792715
1.481 185.1422821
1.482 182.3867981
1.483 180.6154156
1.484 181.8619441
1.485 183.5677199
1.486 182.977259
1.487 183.1084725
1.488 182.6492252
1.489 183.2396861
1.49 180.0249547
1.491 175.826122
1.492 175.0388408
1.493 175.8917287
1.494 172.5457839
1.495 167.8877038
1.496 171.8897162
1.497 177.3350775
1.498 175.3668746
1.499 170.7087945
1.5 174.3171664
1.501 177.7943248
1.502 173.0050312
1.503 170.0527269
1.504 170.7087945
1.505 172.4145703
1.506 167.822097
1.507 164.804186
1.508 166.181928
1.509 165.3946468
1.51 161.7206681
1.511 157.1938016
1.512 159.2276112
1.513 159.3588247
1.514 158.5059368
1.515 158.6371503
1.516 158.7683639
1.517 157.7186557
1.518 155.8160596
1.519 155.0943852
1.52 156.4721272
1.521 154.3727108
1.522 156.8657678
1.523 158.5059368
1.524 159.293218
1.525 159.7524653
1.526 159.3588247
1.527 161.7862749
1.528 159.818072
1.529 158.44033
1.53 157.2594083
1.531 155.9472731
1.532 154.5039243
1.533 151.2235862
1.534 150.1082713
1.535 149.5834172
1.536 147.6152143
1.537 144.9909439
1.538 142.8259207
1.539 142.9571342
1.54 141.9730328
1.541 140.7921111
1.542 138.4302677
1.543 139.9392232
1.544 140.267257
1.545 140.2016502
1.546 138.2990541
1.547 137.9054136
1.548 137.7085933
1.549 134.3626484
1.55 133.3129402
1.551 133.0505132
1.552 132.4600523
1.553 129.7045683
1.554 128.9828939
1.555 130.88549
1.556 130.1638157
1.557 126.0961964
1.558 125.112095
1.559 126.6210505
1.56 125.1777018
1.561 123.734353
1.562 122.2253975
1.563 122.619038
1.564 123.1438921
1.565 122.2253975
1.566 123.2094989
1.567 121.8973637
1.568 123.734353
1.569 124.6528477
1.57 125.5713423
1.571 125.0464882
1.572 124.2592071
1.573 125.7025558
1.574 122.2910042
1.575 121.7661501
1.576 120.1915878
1.577 120.4540149
1.578 120.8476555
1.579 119.6667337
1.58 119.863554
1.581 118.2889917
1.582 116.7144295
1.583 116.2551821
1.584 115.8615416
1.585 115.4022942
1.586 114.2213725
1.587 113.6309117
1.588 115.2710807
1.589 114.2213725
1.59 111.9907426
1.591 110.7442141
1.592 111.9907426
1.593 111.2034615
1.594 106.8734152
1.595 107.3326625
1.596 106.9390219
1.597 106.3485611
1.598 102.5433689
1.599 102.5433689
1.6 103.7898974
1.601 100.8375931
1.602 101.1656269
1.603 101.8216945
1.604 101.6248742
1.605 99.26303079
1.606 100.1815255
1.607 101.5592675
1.608 99.78788489
1.609 96.04829946
1.61 97.29482793
1.611 98.86939022
1.612 97.22922117
1.613 95.4578386
1.614 96.63876031
1.615 99.19742403
1.616 99.39424431
1.617 98.34453612
1.618 99.5910646
1.619 98.93499698
1.62 97.29482793
1.621 97.3604347
1.622 97.62286174
1.623 98.27892936
1.624 96.8355806
1.625 98.7381767
1.626 99.45985108
1.627 98.27892936
1.628 95.52344536
1.629 95.4578386
1.63 95.4578386
1.631 93.81766955
1.632 92.76796136
1.633 91.52143288
1.634 92.7023546
1.635 90.53733146
1.636 88.96276917
1.637 87.91306098
1.638 86.6665325
1.639 85.09197022
1.64 83.51740793
1.641 83.77983498
1.642 83.45180117
1.643 84.69832964
1.644 84.17347555
1.645 83.51740793
1.646 83.45180117
1.647 82.0084524
1.648 81.02435098
1.649 78.79372107
1.65 79.18736164
1.651 81.61481183
1.652 81.02435098
1.653 82.79573355
1.654 84.17347555
1.655 84.37029583
1.656 84.30468907
1.657 82.5333065
1.658 82.13966593
1.659 80.95874421
1.66 82.40209298
1.661 83.64862145
1.662 82.59891326
1.663 81.81163212
1.664 82.40209298
1.665 82.46769974
1.666 78.53129402
1.667 76.69430469
1.668 77.28476555
1.669 77.21915878
1.67 76.43187764
1.671 74.92292212
1.672 75.57898974
1.673 75.51338297
1.674 73.93882069
1.675 72.56107869
1.676 70.26484202
1.677 69.80559469
1.678 68.82149326
1.679 67.50935802
1.68 68.09981888
1.681 68.03421212
1.682 68.36224592
1.683 66.59086335
1.684 65.08190783
1.685 65.14751459
1.686 64.42584021
1.687 64.03219964
1.688 64.22901992
1.689 65.4755484
1.69 66.65647011
1.691 64.75387402
1.692 63.04809821
1.693 62.7200644
1.694 62.06399678
1.695 61.53914268
1.696 61.53914268
1.697 63.63855907
1.698 66.13161602
1.699 66.26282954
1.7 66.0004025
1.701 65.40994164
1.702 64.75387402
1.703 64.03219964
1.704 64.55705373
1.705 66.13161602
1.706 67.24693097
1.707 68.29663916
1.708 68.09981888
1.709 66.52525659
1.71 64.55705373
1.711 62.06399678
1.712 61.01428859
1.713 60.09579392
1.714 60.75186154
1.715 62.12960354
1.716 62.06399678
1.717 61.3423224
1.718 60.42382773
1.719 59.89897364
1.72 57.53713021
1.721 54.38800563
1.722 53.33829744
1.723 53.86315154
1.724 53.79754478
1.725 53.27269068
1.726 53.99436506
1.727 56.09378144
1.728 55.76574764
1.729 55.8313544
1.73 55.17528678
1.731 54.65043268
1.732 54.19118535
1.733 53.46951097
1.734 54.4536124
1.735 53.86315154
1.736 53.33829744
1.737 54.12557859
1.738 53.20708392
1.739 53.79754478
1.74 51.82934192
1.741 52.28858925
1.742 53.14147716
1.743 53.27269068
1.744 55.10968002
1.745 54.05997183
1.746 53.86315154
1.747 53.79754478
1.748 53.66633125
1.749 53.01026363
1.75 51.37009459
1.751 52.02616221
1.752 53.27269068
1.753 52.15737573
1.754 51.96055544
1.755 52.09176897
1.756 52.09176897
1.757 51.10766754
1.758 49.86113906
1.759 49.72992554
1.76 48.9426444
1.761 47.95854297
1.762 47.8929362
1.763 46.71201449
1.764 45.1374522
1.765 44.61259811
1.766 44.21895754
1.767 43.30046287
1.768 42.3819682
1.769 42.71000201
1.77 43.7597102
1.771 43.62849668
1.772 43.16924935
1.773 43.10364258
1.774 43.56288992
1.775 42.97242906
1.776 42.18514792
1.777 42.64439525
1.778 42.71000201
1.779 42.84121554
1.78 41.33226001
1.781 41.72590058
1.782 41.85711411
1.783 41.39786677
1.784 41.85711411
1.785 42.71000201
1.786 44.87502516
1.787 45.92473335
1.788 46.5151942
1.789 45.85912658
1.79 46.25276716
1.791 45.92473335
1.792 44.80941839
1.793 43.23485611
1.794 42.57878849
1.795 42.57878849
1.796 43.03803582
1.797 41.46347354
1.798 41.0042262
1.799 41.5290803
1.8 41.79150735
1.801 40.54497887
1.802 37.85510163
1.803 37.59267458
1.804 36.67417992
1.805 35.88689877
1.806 34.57476353
1.807 35.23083115
1.808 35.4932582
1.809 34.6403703
1.81 34.31233649
1.811 33.45944858
1.812 33.13141477
1.813 32.80338096
1.814 32.54095391
1.815 33.78748239
1.816 33.65626887
1.817 33.98430268
1.818 33.78748239
1.819 33.72187563
1.82 34.31233649
1.821 33.59066211
1.822 33.91869591
1.823 34.31233649
1.824 35.29643792
1.825 35.55886496
1.826 35.4932582
1.827 35.88689877
1.828 35.75568525
1.829 35.82129201
1.83 35.55886496
1.831 34.83719058
1.832 34.77158382
1.833 35.29643792
1.834 36.28053934
1.835 35.23083115
1.836 34.57476353
1.837 34.50915677
1.838 34.31233649
1.839 33.13141477
1.84 31.42563896
1.841 31.95049306
1.842 32.08170658
1.843 32.86898772
1.844 31.68806601
1.845 30.8351781
1.846 30.24471725
1.847 28.67015496
1.848 28.0796941
1.849 26.7019521
1.85 26.57073858
1.851 26.17709801
1.852 26.7019521
1.853 26.43952506
1.854 26.04588448
1.855 26.11149125
1.856 25.98027772
1.857 27.16119944
1.858 26.89877239
1.859 27.35801972
1.86 27.35801972
1.861 26.96437915
1.862 25.91467096
1.863 25.06178305
1.864 24.60253572
1.865 24.34010867
1.866 24.27450191
1.867 24.66814248
1.868 25.71785067
1.869 25.58663715
1.87 25.65224391
1.871 25.8490642
1.872 26.11149125
1.873 25.38981686
1.874 25.3242101
1.875 25.38981686
1.876 25.58663715
1.877 25.65224391
1.878 25.65224391
1.879 25.98027772
1.88 25.3242101
1.881 24.01207486
1.882 23.48722077
1.883 23.35600724
1.884 22.50311934
1.885 21.97826524
1.886 21.7158382
1.887 22.63433286
1.888 23.22479372
1.889 22.83115315
1.89 23.0935802
1.891 22.96236667
1.892 23.88086134
1.893 23.42161401
1.894 22.69993963
1.895 21.97826524
1.896 20.86295029
1.897 20.27248943
1.898 19.35399477
1.899 18.9603542
1.9 18.50110686
1.901 18.82914067
1.902 19.15717448
1.903 18.50110686
1.904 18.23867981
1.905 18.69792715
1.906 18.04185953
1.907 17.5826122
1.908 17.51700543
1.909 18.63232039
1.91 19.55081505
1.911 19.87884886
1.912 21.1909841
1.913 21.7158382
1.914 22.04387201
1.915 21.38780439
1.916 20.92855705
1.917 20.40370296
1.918 19.61642182
1.919 19.61642182
1.92 19.87884886
1.921 20.99416382
1.922 20.99416382
1.923 21.25659086
1.924 21.32219763
1.925 21.25659086
1.926 20.66613001
1.927 20.53491648
1.928 20.01006239
1.929 19.68202858
1.93 20.01006239
1.931 19.35399477
1.932 18.82914067
1.933 17.38579191
1.934 16.40169048
1.935 15.35198229
1.936 15.08955524
1.937 14.76152143
1.938 14.3022741
1.939 14.43348762
1.94 14.3022741
1.941 13.77742
1.942 12.79331858
1.943 12.99013886
1.944 12.99013886
1.945 12.53089153
1.946 12.399678
1.947 12.85892534
1.948 12.99013886
1.949 12.33407124
1.95 12.26846448
1.951 12.72771181
1.952 13.44938619
1.953 13.18695915
1.954 12.85892534
1.955 12.9245321
1.956 12.399678
1.957 12.13725096
1.958 11.5467901
1.959 11.80921715
1.96 12.72771181
1.961 13.64620648
1.962 14.95834172
1.963 14.76152143
1.964 15.28637553
1.965 15.48319581
1.966 15.48319581
1.967 14.89273496
1.968 13.84302677
1.969 14.3022741
1.97 14.36788086
1.971 14.56470115
1.972 13.05574562
1.973 12.59649829
1.974 12.9245321
1.975 12.66210505
1.976 12.07164419
1.977 11.80921715
1.978 12.79331858
1.979 13.12135238
1.98 12.53089153
1.981 11.74361038
1.982 11.5467901
1.983 11.34996981
1.984 10.56268867
1.985 9.709800765
1.986 10.23465486
1.987 11.15314953
1.988 11.5467901
1.989 11.5467901
1.99 10.89072248
1.991 11.08754277
1.992 10.69390219
1.993 10.03783457
1.994 8.922519622
1.995 8.397665526
1.996 9.512980479
1.997 9.512980479
1.998 9.381766955
1.999 9.184946669
2 9.578587241
2.001 9.775407527
2.002 8.988126384
2.003 9.184946669
2.004 9.250553431
2.005 9.644194003
2.006 9.775407527
2.007 10.10344134
2.008 10.62829543
2.009 10.82511572
2.01 10.30026162
2.011 9.709800765
2.012 9.578587241
2.013 8.397665526
2.014 8.20084524
2.015 8.266452002
2.016 8.922519622
2.017 9.316160193
2.018 8.988126384
2.019 9.381766955
2.02 8.922519622
2.021 8.266452002
2.022 6.757496478
2.023 6.49506943
2.024 7.15113705
2.025 7.938418193
2.026 8.397665526
2.027 7.675991145
2.028 8.266452002
2.029 7.807204669
2.03 6.757496478
2.031 5.44536124
2.032 4.723686859
2.033 5.707788287
2.034 6.691889716
2.035 6.49506943
2.036 6.429462669
2.037 6.757496478
2.038 6.954316764
2.039 6.429462669
2.04 4.920507144
2.041 5.773395049
2.042 6.691889716
2.043 7.15113705
2.044 7.019923526
