0 0
0.001 35.51099384
0.002 57.29399536
0.003 87.97041657
0.004 124.2101223
0.005 169.5783161
0.006 220.0788359
0.007 271.3237387
0.008 317.8280963
0.009 350.3458863
0.01 363.5097146
0.011 357.9072519
0.012 342.9020548
0.013 330.9135684
0.014 327.7793236
0.015 326.094667
0.016 320.0612457
0.017 312.3039898
0.018 305.7220756
0.019 302.1568722
0.02 315.5949468
0.021 352.3439674
0.022 392.7365475
0.023 424.5883105
0.024 454.1677461
0.025 481.2789638
0.026 509.4479891
0.027 521.3581195
0.028 510.3882626
0.029 510.1140162
0.03 533.8559207
0.031 565.1591909
0.032 600.6545135
0.033 620.2435436
0.034 611.8202607
0.035 582.5934277
0.036 549.8405693
0.037 539.4192052
0.038 563.1219317
0.039 601.7123211
0.04 634.1909331
0.041 650.9199648
0.042 649.9796914
0.043 639.1273687
0.044 613.0739586
0.045 587.333973
0.046 582.3191813
0.047 605.7476613
0.048 646.6887343
0.049 647.2372272
0.05 598.3430079
0.051 527.7049652
0.052 483.1986887
0.053 460.2795235
0.054 452.208843
0.055 452.0129527
0.056 434.2261134
0.057 394.1077796
0.058 330.0516511
0.059 290.9127688
0.06 276.5735988
0.061 278.9242824
0.062 266.8966179
0.063 254.7905973
0.064 258.8651155
0.065 268.6204525
0.066 277.2788039
0.067 269.6782602
0.068 259.7662109
0.069 250.8336132
0.07 253.1059407
0.071 259.4919645
0.072 259.9621012
0.073 255.260734
0.074 253.4193652
0.075 259.0218278
0.076 262.3127848
0.077 260.0012793
0.078 252.7925162
0.079 252.2440233
0.08 256.7886783
0.081 254.7122411
0.082 250.3242984
0.083 249.5015591
0.084 250.5985448
0.085 243.5073159
0.086 234.0654034
0.087 233.8695131
0.088 244.4084113
0.089 251.0295035
0.09 242.9980011
0.091 229.0897897
0.092 226.033901
0.093 234.1829376
0.094 238.6884145
0.095 237.2780043
0.096 236.3377309
0.097 240.5689614
0.098 243.8990965
0.099 241.6659471
0.1 236.5336212
0.101 239.9421124
0.102 247.3859439
0.103 245.0352603
0.104 237.9440313
0.105 237.708963
0.106 242.5278644
0.107 241.4700568
0.108 234.9273207
0.109 231.9889662
0.11 240.0204685
0.111 248.2086831
0.112 245.505397
0.113 240.2555369
0.114 241.7051251
0.115 247.5426561
0.116 250.5201887
0.117 247.2684097
0.118 242.8804669
0.119 244.4475893
0.12 247.6210122
0.121 247.4251219
0.122 242.9980011
0.123 240.1771808
0.124 242.6453986
0.125 243.2330695
0.126 236.6511554
0.127 232.6549932
0.128 238.0223875
0.129 242.4886863
0.13 237.0037579
0.131 227.6010234
0.132 226.3081474
0.133 232.1456784
0.134 231.871432
0.135 223.0955465
0.136 220.3922603
0.137 224.1925322
0.138 222.8604781
0.139 213.6144559
0.14 204.9169265
0.141 203.6240505
0.142 205.5045974
0.143 206.7191173
0.144 208.0119933
0.145 211.0287039
0.146 218.198289
0.147 227.5618454
0.148 239.4327976
0.149 255.3782682
0.15 275.1240106
0.151 294.5955065
0.152 305.7612537
0.153 307.289198
0.154 307.1716639
0.155 314.9680979
0.156 328.05357
0.157 339.728632
0.158 342.3143839
0.159 336.0458943
0.16 329.5031582
0.161 327.5050772
0.162 337.769729
0.163 353.5976653
0.164 363.3921804
0.165 359.4743744
0.166 344.8217798
0.167 330.3258975
0.168 325.8987767
0.169 334.7921964
0.17 346.23219
0.171 346.5064364
0.172 330.9919245
0.173 309.87495
0.174 296.9461901
0.175 302.1960502
0.176 317.9456304
0.177 326.0554889
0.178 319.9045335
0.179 303.1363237
0.18 290.6777005
0.181 296.1234509
0.182 308.7387863
0.183 317.8672743
0.184 314.1061805
0.185 300.5505717
0.186 287.1908531
0.187 291.8922204
0.188 305.6828976
0.189 311.2461821
0.19 302.1960502
0.191 279.1593508
0.192 264.8201807
0.193 269.9525066
0.194 286.8774286
0.195 294.9481091
0.196 288.6404414
0.197 274.8105861
0.198 271.8722316
0.199 284.7226353
0.2 299.1009834
0.201 308.7387863
0.202 309.7574158
0.203 305.9179659
0.204 308.4645399
0.205 321.1190533
0.206 334.3612377
0.207 334.0086352
0.208 318.6900136
0.209 304.2333093
0.21 309.4439914
0.211 328.9938434
0.212 340.3554809
0.213 331.1094587
0.214 308.0335812
0.215 291.7355081
0.216 295.6924922
0.217 312.6174142
0.218 327.6226113
0.219 328.8763093
0.22 313.5968658
0.221 296.4368753
0.222 296.9461901
0.223 312.9308387
0.224 326.9957624
0.225 325.42864
0.226 306.7015271
0.227 289.2672903
0.228 285.8979771
0.229 295.6533141
0.23 305.2127609
0.231 301.8434477
0.232 291.1086592
0.233 280.8831854
0.234 283.860718
0.235 297.6122172
0.236 308.542896
0.237 306.1922124
0.238 295.1048213
0.239 285.0752379
0.24 285.3494843
0.241 299.8061885
0.242 309.3264572
0.243 307.0933077
0.244 292.4798913
0.245 276.2209962
0.246 275.0456544
0.247 290.364276
0.248 307.6418006
0.249 309.7182378
0.25 297.3379707
0.251 285.3886623
0.252 288.5620852
0.253 305.6045415
0.254 319.8653554
0.255 318.5724794
0.256 302.9796114
0.257 290.6385224
0.258 292.9108499
0.259 311.7554969
0.26 327.5834333
0.261 321.8242584
0.262 301.2165987
0.263 283.4297593
0.264 286.6815383
0.265 309.4048133
0.266 331.932198
0.267 334.0086352
0.268 315.9083713
0.269 293.5768769
0.27 291.5004398
0.271 308.0727593
0.272 322.9604222
0.273 325.0760374
0.274 314.3412489
0.275 300.2763253
0.276 295.53578
0.277 303.6848165
0.278 314.5763173
0.279 322.4119293
0.28 317.5930279
0.281 307.4067322
0.282 303.2538578
0.283 308.2294715
0.284 316.5352203
0.285 323.5872711
0.286 322.9212441
0.287 314.4587831
0.288 310.3450868
0.289 309.0913888
0.29 310.3842648
0.291 313.087551
0.292 312.8133045
0.293 309.4439914
0.294 306.3881027
0.295 305.2519389
0.296 308.9738546
0.297 313.7143999
0.298 311.3245383
0.299 303.2146798
0.3 301.6475574
0.301 306.3881027
0.302 313.4401535
0.303 319.3560406
0.304 318.0239866
0.305 310.8935796
0.306 301.5692012
0.307 299.6494763
0.308 306.8974174
0.309 318.4157672
0.31 320.883985
0.311 315.3207004
0.312 308.7387863
0.313 305.9963221
0.314 310.4234429
0.315 324.0965859
0.316 337.4563045
0.317 336.2417846
0.318 322.4119293
0.319 303.6064604
0.32 294.6346846
0.321 300.0412569
0.322 314.4979611
0.323 319.630287
0.324 311.7163189
0.325 291.5396178
0.326 276.8870233
0.327 282.6853762
0.328 304.7818022
0.329 325.1935716
0.33 329.7774047
0.331 316.6919325
0.332 299.2968738
0.333 293.2634525
0.334 300.4722156
0.335 310.7760454
0.336 316.8094667
0.337 315.046454
0.338 303.7631726
0.339 296.7502998
0.34 297.6122172
0.341 307.9552251
0.342 317.3579595
0.343 318.96426
0.344 310.7760454
0.345 300.119613
0.346 294.242904
0.347 295.7708483
0.348 305.330295
0.349 308.582074
0.35 304.7426241
0.351 295.6533141
0.352 293.0283841
0.353 303.7239946
0.354 317.1620692
0.355 321.0406972
0.356 310.2667306
0.357 292.7933157
0.358 284.8793476
0.359 298.5916687
0.36 317.9064524
0.361 324.174942
0.362 309.4048133
0.363 286.5248261
0.364 278.9242824
0.365 296.5152315
0.366 322.8037099
0.367 335.0272647
0.368 324.0182298
0.369 299.5319421
0.37 284.2916767
0.371 291.5396178
0.372 308.4253618
0.373 315.4382346
0.374 308.4645399
0.375 294.0078356
0.376 288.7187975
0.377 299.5319421
0.378 315.4774126
0.379 320.2963141
0.38 309.9141281
0.381 289.9333173
0.382 279.8645558
0.383 289.4240026
0.384 306.6623491
0.385 312.8916607
0.386 296.828656
0.387 272.4207244
0.388 262.1560726
0.389 277.2788039
0.39 301.6083793
0.391 313.7927561
0.392 305.8004318
0.393 284.487567
0.394 271.5979851
0.395 281.4316783
0.396 304.1941313
0.397 315.1248101
0.398 306.1922124
0.399 288.0919485
0.4 278.9242824
0.401 290.2859199
0.402 315.3990565
0.403 331.2661709
0.404 324.7626129
0.405 302.2744063
0.406 286.3289358
0.407 292.9108499
0.408 314.8505637
0.409 330.4042536
0.41 325.9771328
0.411 305.0168706
0.412 282.9204446
0.413 279.7470217
0.414 295.2615335
0.415 313.9494683
0.416 318.6116575
0.417 307.6026225
0.418 291.0694811
0.419 285.153594
0.42 295.7708483
0.421 312.3823459
0.422 320.2963141
0.423 311.4420724
0.424 296.1234509
0.425 290.8735908
0.426 303.4889262
0.427 320.1004238
0.428 321.0798753
0.429 304.3116655
0.43 282.1368833
0.431 274.4579835
0.432 289.698249
0.433 313.5968658
0.434 319.1993284
0.435 299.7670105
0.436 269.3648357
0.437 255.260734
0.438 270.7752459
0.439 297.8081075
0.44 309.4439914
0.441 297.6513952
0.442 270.187575
0.443 255.8484049
0.444 268.7771648
0.445 294.6346846
0.446 311.4812505
0.447 306.1138562
0.448 286.2505797
0.449 270.1092188
0.45 278.650036
0.451 303.2930359
0.452 320.2179579
0.453 311.9513872
0.454 291.6963301
0.455 278.8459263
0.456 286.9949628
0.457 310.1883745
0.458 325.5461741
0.459 322.0201487
0.46 301.2557768
0.461 276.6127768
0.462 270.8144239
0.463 287.1516751
0.464 306.9757736
0.465 310.8152235
0.466 293.9686576
0.467 270.3051091
0.468 262.7045654
0.469 276.4560646
0.47 303.4105701
0.471 319.0817942
0.472 313.753578
0.473 294.3996162
0.474 279.0026385
0.475 281.4316783
0.476 299.4927641
0.477 317.4754937
0.478 320.3354921
0.479 308.0727593
0.48 286.5248261
0.481 277.8664748
0.482 285.0360598
0.483 304.3508435
0.484 319.0034381
0.485 317.5930279
0.486 302.7837211
0.487 288.2878388
0.488 281.235788
0.489 288.4837291
0.49 308.7387863
0.491 325.6637083
0.492 325.1543935
0.493 306.3489246
0.494 286.3289358
0.495 281.940993
0.496 296.7502998
0.497 316.0259055
0.498 325.8595986
0.499 314.419605
0.5 289.3848245
0.501 271.2845606
0.502 275.1240106
0.503 297.2596146
0.504 317.2404254
0.505 316.6527545
0.506 294.242904
0.507 265.9171664
0.508 256.3185416
0.509 274.144559
0.51 305.7220756
0.511 321.4324778
0.512 312.460702
0.513 287.3475654
0.514 264.9768929
0.515 262.8220996
0.516 286.8382506
0.517 319.9828896
0.518 329.2680899
0.519 308.1511154
0.52 270.853602
0.521 249.9716959
0.522 258.512513
0.523 288.5229072
0.524 315.2031662
0.525 317.1620692
0.526 292.7933157
0.527 261.0590869
0.528 253.4977213
0.529 280.2563365
0.53 318.298233
0.531 332.0497321
0.532 318.925082
0.533 288.405373
0.534 265.1336052
0.535 271.9114096
0.536 302.3135844
0.537 328.5628848
0.538 332.1280883
0.539 306.9365955
0.54 274.4971616
0.541 267.4451107
0.542 282.9596226
0.543 308.1511154
0.544 324.9976813
0.545 319.8261773
0.546 295.9667386
0.547 277.2004477
0.548 276.0251059
0.549 294.4387943
0.55 320.8056288
0.551 332.4415128
0.552 321.4716559
0.553 296.0842728
0.554 273.3609978
0.555 272.0289438
0.556 294.7130407
0.557 320.8448069
0.558 325.5853522
0.559 305.4870073
0.56 276.9653794
0.561 262.9396338
0.562 272.9692172
0.563 301.8434477
0.564 325.5853522
0.565 327.6617894
0.566 305.7220756
0.567 278.8067482
0.568 272.2640122
0.569 289.9724954
0.57 317.3971376
0.571 331.8538418
0.572 328.8371312
0.573 309.7574158
0.574 295.53578
0.575 296.4368753
0.576 308.8954985
0.577 324.174942
0.578 331.5795954
0.579 324.9585032
0.58 311.2853602
0.581 302.9404334
0.582 302.6661869
0.583 311.6379627
0.584 323.9006956
0.585 327.7401455
0.586 322.176861
0.587 310.3842648
0.588 300.746462
0.589 302.3919405
0.59 311.6379627
0.591 326.4472695
0.592 333.3426081
0.593 323.508915
0.594 304.8993364
0.595 290.2467418
0.596 290.1683857
0.597 304.6250899
0.598 323.3130247
0.599 325.9379547
0.6 310.501799
0.601 288.3270169
0.602 277.5530503
0.603 286.7207164
0.604 309.7574158
0.605 331.3837051
0.606 333.4601423
0.607 317.9456304
0.608 294.5171504
0.609 281.5492124
0.61 286.9949628
0.611 307.3675542
0.612 327.3483649
0.613 332.7941153
0.614 315.2815223
0.615 288.8755097
0.616 273.6352443
0.617 278.5716799
0.618 300.6289278
0.619 325.9771328
0.62 335.7716479
0.621 320.2179579
0.622 291.3045495
0.623 270.89278
0.624 270.3834653
0.625 289.2281123
0.626 317.632206
0.627 329.1113776
0.628 312.6565923
0.629 281.5883905
0.63 257.7681298
0.631 254.633885
0.632 275.2807228
0.633 302.078516
0.634 316.2609739
0.635 306.0746782
0.636 276.730311
0.637 256.2793636
0.638 260.7848405
0.639 287.4259215
0.64 316.1042616
0.641 325.9771328
0.642 310.8544015
0.643 281.5100344
0.644 261.0590869
0.645 263.8015511
0.646 287.2300312
0.647 310.8152235
0.648 316.0259055
0.649 298.0823539
0.65 274.8889422
0.651 265.9955225
0.652 275.5549692
0.653 300.9031742
0.654 325.467818
0.655 332.2848005
0.656 314.1453586
0.657 287.739346
0.658 275.2023667
0.659 281.6667466
0.66 303.2930359
0.661 323.7831614
0.662 324.2532982
0.663 303.8807068
0.664 279.0809946
0.665 268.1111378
0.666 277.3963381
0.667 301.3733109
0.668 320.5705605
0.669 319.6694651
0.67 297.1029024
0.671 267.4451107
0.672 254.9473095
0.673 268.7771648
0.674 298.3174222
0.675 320.0612457
0.676 320.257136
0.677 297.6122172
0.678 270.0308627
0.679 261.5684017
0.68 274.0270249
0.681 299.6886544
0.682 322.7645319
0.683 325.1935716
0.684 303.4889262
0.685 276.4952427
0.686 264.5459343
0.687 270.5793556
0.688 290.1683857
0.689 308.542896
0.69 316.1826177
0.691 306.8582394
0.692 284.9968817
0.693 268.1894939
0.694 269.2864796
0.695 284.4483889
0.696 305.0560486
0.697 321.4716559
0.698 320.2963141
0.699 303.9590629
0.7 282.2544175
0.701 274.3796274
0.702 285.5061965
0.703 308.4253618
0.704 323.9790517
0.705 321.5108339
0.706 300.9031742
0.707 279.98209
0.708 276.5344207
0.709 291.6963301
0.71 317.632206
0.711 333.1075398
0.712 326.9957624
0.713 302.0001599
0.714 279.3944191
0.715 271.2845606
0.716 283.9390741
0.717 307.0541297
0.718 317.632206
0.719 307.4850884
0.72 283.7823619
0.721 263.0179899
0.722 258.4341569
0.723 272.9300392
0.724 299.7670105
0.725 319.2385064
0.726 310.8152235
0.727 279.3552411
0.728 252.1264892
0.729 249.7758055
0.73 274.3012713
0.731 305.4478292
0.732 318.298233
0.733 303.0187895
0.734 269.3648357
0.735 246.171424
0.736 250.4810106
0.737 277.6314064
0.738 306.4664588
0.739 314.4587831
0.74 291.6179739
0.741 259.844567
0.742 244.7218358
0.743 254.3204605
0.744 280.7656512
0.745 307.9944031
0.746 320.257136
0.747 305.5261853
0.748 277.6314064
0.749 256.5144319
0.75 254.7122411
0.751 272.3423683
0.752 299.6494763
0.753 318.0239866
0.754 312.1080995
0.755 287.2300312
0.756 262.1952507
0.757 259.844567
0.758 277.8664748
0.759 306.5448149
0.76 326.5648037
0.761 322.3727513
0.762 294.242904
0.763 261.9993604
0.764 247.8952587
0.765 256.6319661
0.766 284.0957864
0.767 302.5094747
0.768 297.1029024
0.769 271.9897657
0.77 248.757176
0.771 245.1527944
0.772 266.7399057
0.773 298.0823539
0.774 312.1080995
0.775 299.2185176
0.776 266.7790837
0.777 239.5895099
0.778 243.1547134
0.779 271.0494923
0.78 295.6533141
0.781 295.4966019
0.782 271.4804509
0.783 240.960742
0.784 228.1103382
0.785 238.4533461
0.786 266.2305909
0.787 289.4631806
0.788 285.7020868
0.789 257.9248421
0.79 230.578556
0.791 224.0358199
0.792 241.1174542
0.793 269.3256576
0.794 281.901815
0.795 269.560726
0.796 241.3525226
0.797 221.6067802
0.798 225.5245862
0.799 249.6582714
0.8 270.5401775
0.801 273.5568881
0.802 258.3558008
0.803 239.7462221
0.804 239.1585512
0.805 266.0347006
0.806 297.494683
0.807 305.0560486
0.808 285.6237307
0.809 257.3371712
0.81 246.7590949
0.811 263.4881266
0.812 293.7335892
0.813 306.4664588
0.814 293.5376989
0.815 263.5273047
0.816 240.4906053
0.817 241.9401935
0.818 267.1708643
0.819 296.0059167
0.82 305.957144
0.821 288.1311266
0.822 251.5779963
0.823 227.9144479
0.824 231.0878708
0.825 256.1226513
0.826 278.7283921
0.827 279.98209
0.828 259.4136084
0.829 232.7725274
0.83 223.448149
0.831 246.6023827
0.832 280.0996242
0.833 292.323179
0.834 275.6333253
0.835 244.8001919
0.836 224.5843128
0.837 233.7128008
0.838 265.4078516
0.839 285.7412649
0.84 272.9692172
0.841 234.1829376
0.842 201.1166547
0.843 201.3909011
0.844 232.1848565
0.845 266.4264812
0.846 272.8516831
0.847 254.3204605
0.848 226.0730791
0.849 216.278564
0.85 239.3544415
0.851 277.4746942
0.852 298.0431758
0.853 287.7001679
0.854 259.7662109
0.855 231.9106101
0.856 232.8508835
0.857 259.5703206
0.858 284.6442792
0.859 285.7412649
0.86 265.9171664
0.861 234.4180059
0.862 220.9799312
0.863 235.0448549
0.864 268.6988087
0.865 296.2801631
0.866 295.3007116
0.867 265.5253858
0.868 230.3043096
0.869 222.6254098
0.87 238.4925242
0.871 266.7399057
0.872 283.0771568
0.873 276.1034621
0.874 245.9755337
0.875 218.903494
0.876 213.8887023
0.877 234.2221156
0.878 266.0347006
0.879 279.8253778
0.88 269.7957944
0.881 245.1527944
0.882 228.4237627
0.883 233.2426641
0.884 259.4919645
0.885 284.6834573
0.886 287.2692092
0.887 263.3705925
0.888 237.748141
0.889 226.4256816
0.89 238.5708803
0.891 263.4489486
0.892 281.274966
0.893 281.0398977
0.894 259.2568961
0.895 235.4366355
0.896 227.6402015
0.897 241.6659471
0.898 261.8818262
0.899 275.6333253
0.9 267.6801791
0.901 243.0371792
0.902 220.5489726
0.903 212.8308947
0.904 228.7763652
0.905 258.9042936
0.906 279.7470217
0.907 277.984009
0.908 257.885664
0.909 233.2818422
0.91 226.8566403
0.911 243.1547134
0.912 274.6146958
0.913 291.1870153
0.914 278.6108579
0.915 243.9774526
0.916 217.9632206
0.917 212.4782922
0.918 234.7314304
0.919 268.5420964
0.92 280.2955145
0.921 263.057168
0.922 227.7969137
0.923 209.108979
0.924 217.6497961
0.925 246.9941633
0.926 273.1651075
0.927 279.5511314
0.928 260.0796354
0.929 230.6177341
0.93 216.3960982
0.931 224.5059567
0.932 249.423203
0.933 272.2248341
0.934 277.7881187
0.935 260.6673063
0.936 236.9645798
0.937 226.9349964
0.938 230.9703366
0.939 253.9286799
0.94 281.7842808
0.941 291.7746862
0.942 270.5793556
0.943 238.6492364
0.944 217.9240425
0.945 220.8623971
0.946 247.2684097
0.947 276.6519549
0.948 285.0752379
0.949 264.4284001
0.95 230.9703366
0.951 213.4969217
0.952 226.4256816
0.953 259.3352523
0.954 283.3905813
0.955 282.5286639
0.956 257.4547054
0.957 229.3640361
0.958 221.0191093
0.959 240.1771808
0.96 273.7527784
0.961 292.284001
0.962 281.7451027
0.963 249.3448469
0.964 221.9985608
0.965 219.6870552
0.966 242.8804669
0.967 268.8163428
0.968 275.437435
0.969 258.2382666
0.97 228.1103382
0.971 211.4988406
0.972 222.3119853
0.973 251.5388183
0.974 278.2190773
0.975 283.5864716
0.976 261.9993604
0.977 230.7352682
0.978 217.5322619
0.979 227.326777
0.98 251.0295035
0.981 269.7566163
0.982 265.7604541
0.983 242.1360838
0.984 217.4147278
0.985 208.8739106
0.986 223.9574638
0.987 258.9826497
0.988 281.0398977
0.989 269.6390821
0.99 240.2555369
0.991 213.2226753
0.992 209.5791157
0.993 232.4591029
0.994 265.9171664
0.995 279.942912
0.996 266.8182618
0.997 235.0056768
0.998 210.9895259
0.999 215.9651395
1 240.960742
1.001 269.560726
1.002 282.7245542
1.003 268.8163428
1.004 239.9421124
1.005 219.8045894
1.006 222.155273
1.007 239.5895099
1.008 266.8574398
1.009 281.1574318
1.01 267.7977133
1.011 238.2966339
1.012 214.0845926
1.013 211.3421284
1.014 231.9106101
1.015 260.1188135
1.016 264.389222
1.017 249.1097785
1.018 218.9818502
1.019 199.9021348
1.02 208.5996642
1.021 239.4719757
1.022 269.3648357
1.023 276.3777085
1.024 252.6358039
1.025 223.448149
1.026 216.8662349
1.027 232.537459
1.028 267.1708643
1.029 286.3289358
1.03 275.2415447
1.031 242.0577277
1.032 209.775006
1.033 201.4300792
1.034 224.1925322
1.035 255.1040217
1.036 264.6634685
1.037 248.9530663
1.038 216.1610298
1.039 196.76789
1.04 204.3684337
1.041 231.1662269
1.042 261.8034701
1.043 269.6390821
1.044 250.6377229
1.045 221.4108899
1.046 206.6015831
1.047 213.6144559
1.048 235.9067722
1.049 257.4547054
1.05 256.8278564
1.051 238.2966339
1.052 213.2618534
1.053 206.1314464
1.054 222.0769169
1.055 251.2645718
1.056 274.9672983
1.057 271.1278484
1.058 242.6845766
1.059 202.8013113
1.06 195.6317262
1.061 217.5322619
1.062 248.0519709
1.063 257.6505957
1.064 239.9421124
1.065 208.8347325
1.066 187.1300872
1.067 193.2418646
1.068 227.0917086
1.069 271.7546974
1.07 281.3141441
1.071 255.9659391
1.072 220.2747262
1.073 204.2117214
1.074 213.1834972
1.075 240.3730711
1.076 264.4675782
1.077 265.0944271
1.078 236.1810186
1.079 204.7993923
1.08 192.1057008
1.081 204.1725434
1.082 242.8412889
1.083 276.5344207
1.084 278.0623651
1.085 246.9549852
1.086 207.5026785
1.087 189.0498121
1.088 204.9561046
1.089 231.3229392
1.09 252.8316943
1.091 251.4604621
1.092 224.0358199
1.093 192.3407692
1.094 182.1152954
1.095 195.3966579
1.096 228.1103382
1.097 259.805389
1.098 262.8612777
1.099 240.2163588
1.1 214.7897977
1.101 205.0344607
1.102 209.6966499
1.103 234.5355401
1.104 258.7084033
1.105 264.9768929
1.106 246.7590949
1.107 217.7673303
1.108 203.4281602
1.109 214.2021268
1.11 243.1938914
1.111 270.0700408
1.112 274.0662029
1.113 249.0706005
1.114 218.5508915
1.115 208.2078836
1.116 219.4519869
1.117 249.4623811
1.118 276.1426401
1.119 276.9653794
1.12 250.0108739
1.121 217.5322619
1.122 200.3330935
1.123 208.5996642
1.124 239.3936196
1.125 265.0944271
1.126 265.1727832
1.127 235.6717038
1.128 200.8424083
1.129 190.3426881
1.13 203.6240505
1.131 233.3993763
1.132 258.1599105
1.133 254.2812825
1.134 225.4070521
1.135 193.9862477
1.136 186.4640601
1.137 206.7582954
1.138 236.4552651
1.139 245.4270409
1.14 233.8695131
1.141 207.150076
1.142 188.7363876
1.143 198.2566563
1.144 227.0917086
1.145 253.3801871
1.146 255.887583
1.147 236.7295115
1.148 207.3067882
1.149 197.0421364
1.15 213.7319901
1.151 251.7347086
1.152 275.2415447
1.153 262.9788119
1.154 227.326777
1.155 193.1635084
1.156 190.4602223
1.157 218.7859599
1.158 263.723195
1.159 292.9108499
1.16 277.5922284
1.161 234.3788279
1.162 197.3163828
1.163 201.0382986
1.164 238.2182778
1.165 289.8941393
1.166 311.6379627
1.167 284.5659231
1.168 235.7108819
1.169 193.1243304
1.17 190.5777565
1.171 211.4988406
1.172 246.7590949
1.173 259.7662109
1.174 244.7610138
1.175 208.6780203
1.176 178.1583113
1.177 177.923243
1.178 197.1988486
1.179 234.5747182
1.18 257.1021028
1.181 247.7385464
1.182 216.3960982
1.183 189.9900856
1.184 185.092828
1.185 204.603502
1.186 236.5336212
1.187 250.5201887
1.188 239.4719757
1.189 208.6780203
1.19 187.1300872
1.191 196.4544655
1.192 227.8752698
1.193 255.5349804
1.194 253.6544335
1.195 226.4256816
1.196 196.2977533
1.197 189.4415927
1.198 207.0717198
1.199 234.9273207
1.2 250.4810106
1.201 242.6453986
1.202 218.1591109
1.203 196.5719997
1.204 193.2026865
1.205 208.0903494
1.206 233.9870473
1.207 248.4045734
1.208 240.1380027
1.209 214.319661
1.21 193.3985768
1.211 191.4004957
1.212 207.6202127
1.213 232.7333493
1.214 248.2478612
1.215 239.7854002
1.216 214.7506197
1.217 196.101863
1.218 197.1204925
1.219 218.1199328
1.22 244.9960822
1.221 258.4733349
1.222 250.3634765
1.223 227.2092428
1.224 208.4429519
1.225 206.2489806
1.226 217.0229471
1.227 235.6325258
1.228 249.6582714
1.229 245.7404653
1.23 224.5843128
1.231 204.4076117
1.232 194.3780283
1.233 199.0010394
1.234 217.8065084
1.235 238.4533461
1.236 243.1547134
1.237 224.741025
1.238 201.8610378
1.239 190.0292636
1.24 195.5533701
1.241 215.3382906
1.242 237.9832094
1.243 252.7925162
1.244 247.1900536
1.245 224.3492444
1.246 204.0158311
1.247 200.4898057
1.248 209.6182938
1.249 234.457184
1.25 258.9434717
1.251 252.7141601
1.252 225.6029424
1.253 193.2810426
1.254 183.0163908
1.255 198.726793
1.256 227.5618454
1.257 246.6415607
1.258 246.7199168
1.259 222.2336292
1.26 192.889262
1.261 190.8128248
1.262 210.9895259
1.263 242.7237547
1.264 260.471416
1.265 257.6114176
1.266 235.789238
1.267 214.5939074
1.268 203.9766531
1.269 211.3029503
1.27 236.4552651
1.271 254.7514192
1.272 247.1116974
1.273 218.7467818
1.274 187.1300872
1.275 179.0202287
1.276 199.1577517
1.277 237.748141
1.278 264.7810026
1.279 255.7308707
1.28 220.19637
1.281 184.1133765
1.282 182.7421444
1.283 211.5380187
1.284 243.7815623
1.285 249.8933397
1.286 229.6382826
1.287 196.2977533
1.288 172.0073559
1.289 177.4531063
1.29 202.0177501
1.291 232.2632126
1.292 240.5297833
1.293 222.4295195
1.294 198.3741905
1.295 185.1711841
1.296 187.4043336
1.297 202.0569281
1.298 224.3100664
1.299 233.791157
1.3 223.0171904
1.301 201.4300792
1.302 187.7961142
1.303 193.3202207
1.304 212.5958263
1.305 237.1212921
1.306 252.3223795
1.307 244.0949868
1.308 221.2541777
1.309 202.5270648
1.31 198.9618614
1.311 213.3010314
1.312 236.2201967
1.313 249.7366275
1.314 241.7834813
1.315 216.905413
1.316 193.3985768
1.317 185.719677
1.318 193.9078916
1.319 215.8084273
1.32 235.3974574
1.321 234.5747182
1.322 212.0473335
1.323 185.7980331
1.324 175.5333813
1.325 184.7402255
1.326 205.9747341
1.327 232.1848565
1.328 244.7610138
1.329 229.4815703
1.33 201.3909011
1.331 180.0780363
1.332 180.6657072
1.333 198.8443272
1.334 226.3865036
1.335 241.6659471
1.336 229.8341729
1.337 197.2380267
1.338 167.7761254
1.339 164.5635244
1.34 186.5815943
1.341 219.5695211
1.342 238.2182778
1.343 230.7744463
1.344 203.0755577
1.345 178.6284481
1.346 177.8057088
1.347 195.5141921
1.348 222.8996562
1.349 241.4700568
1.35 236.2985528
1.351 209.4615815
1.352 183.5257056
1.353 174.7889982
1.354 185.6413209
1.355 214.4763732
1.356 239.3152635
1.357 239.041017
1.358 215.1032222
1.359 186.9341968
1.36 175.6117374
1.361 187.9136484
1.362 219.3344527
1.363 253.6544335
1.364 263.1747022
1.365 233.9086911
1.366 195.475014
1.367 176.5520109
1.368 189.2848805
1.369 222.782122
1.37 250.4810106
1.371 255.6916927
1.372 231.0486927
1.373 192.0665227
1.374 168.0895499
1.375 174.005437
1.376 203.6240505
1.377 239.7070441
1.378 252.5966259
1.379 231.0486927
1.38 196.2977533
1.381 170.0092748
1.382 171.3805069
1.383 190.930359
1.384 218.2766451
1.385 235.5933477
1.386 224.5451347
1.387 193.2026865
1.388 164.3284561
1.389 159.3528424
1.39 173.2610538
1.391 201.6651475
1.392 222.9780123
1.393 226.2297913
1.394 203.3889822
1.395 176.6695451
1.396 162.0169505
1.397 167.4235228
1.398 195.9059727
1.399 230.2259535
1.4 247.5034781
1.401 227.2875989
1.402 192.6541937
1.403 163.1922923
1.404 167.541057
1.405 191.8706324
1.406 219.0602063
1.407 231.4796514
1.408 218.8251379
1.409 188.1878948
1.41 163.662429
1.411 165.9739346
1.412 185.2103622
1.413 216.7095227
1.414 235.3582794
1.415 231.205405
1.416 208.3254178
1.417 187.0909091
1.418 175.337491
1.419 177.7273527
1.42 197.5906292
1.421 225.5637643
1.422 237.082114
1.423 220.6273287
1.424 190.1076197
1.425 167.9328376
1.426 167.8153034
1.427 183.8391301
1.428 208.2862397
1.429 224.2708883
1.43 213.026785
1.431 181.0966659
1.432 154.1421604
1.433 152.4966819
1.434 170.6361238
1.435 201.5084353
1.436 229.5599264
1.437 231.6363636
1.438 202.1352842
1.439 167.6977692
1.44 151.1254497
1.441 164.4851683
1.442 195.5925482
1.443 220.5881506
1.444 219.7262333
1.445 193.3985768
1.446 159.9013353
1.447 146.3457264
1.448 162.1736627
1.449 195.0440553
1.45 222.4295195
1.451 223.0955465
1.452 197.5514512
1.453 166.5616055
1.454 156.1010634
1.455 168.167906
1.456 193.7903574
1.457 213.1834972
1.458 211.9297993
1.459 191.0478932
1.46 170.792836
1.461 164.2500999
1.462 175.6117374
1.463 198.8051491
1.464 218.1591109
1.465 223.0955465
1.466 206.3273367
1.467 179.9213241
1.468 164.2109219
1.469 164.8377708
1.47 179.7646118
1.471 198.3350124
1.472 207.5810346
1.473 198.4525466
1.474 181.9194051
1.475 165.0336611
1.476 162.0169505
1.477 174.710642
1.478 193.4377549
1.479 211.1854162
1.48 214.6330855
1.481 199.8237787
1.482 178.8243384
1.483 164.916127
1.484 161.1550332
1.485 170.4402335
1.486 189.2457024
1.487 210.401855
1.488 215.5733589
1.489 198.2174782
1.49 173.3394099
1.491 159.6270888
1.492 164.8769489
1.493 189.4807708
1.494 217.6497961
1.495 225.367874
1.496 201.2341889
1.497 162.6046214
1.498 138.1183337
1.499 148.3438075
1.5 180.9399536
1.501 205.2695291
1.502 199.353642
1.503 170.3618773
1.504 134.0829935
1.505 128.9506676
1.506 156.1402415
1.507 180.4698169
1.508 185.1711841
1.509 167.9720157
1.51 147.0901095
1.511 145.2487407
1.512 164.0933877
1.513 176.6695451
1.514 177.923243
1.515 161.9385944
1.516 151.4388742
1.517 160.2931159
1.518 171.419685
1.519 170.792836
1.52 156.3753098
1.521 149.8717518
1.522 151.282162
1.523 157.2372272
1.524 161.1550332
1.525 159.3920205
1.526 156.1794195
1.527 151.7131207
1.528 151.2038059
1.529 154.6514752
1.53 157.5114736
1.531 155.2783241
1.532 152.0657232
1.533 148.657232
1.534 148.8531223
1.535 151.948189
1.536 151.3996962
1.537 146.4240825
1.538 144.0342208
1.539 143.7599744
1.54 147.9912049
1.541 149.4407932
1.542 145.444631
1.543 142.6238107
1.544 145.4054529
1.545 151.5564084
1.546 150.2243544
1.547 143.6816183
1.548 140.7824418
1.549 146.1498361
1.55 153.1627089
1.551 148.8531223
1.552 139.567922
1.553 138.275046
1.554 142.8980571
1.555 146.07148
1.556 141.9186056
1.557 137.7265531
1.558 139.4503878
1.559 140.5473735
1.56 137.6090189
1.561 134.5139522
1.562 135.9243624
1.563 135.6501159
1.564 132.3199808
1.565 130.9879268
1.566 132.1240905
1.567 132.5158711
1.568 128.8723115
1.569 128.2454625
1.57 131.4188854
1.571 132.3199808
1.572 129.9692972
1.573 128.2846406
1.574 128.9114896
1.575 128.6764212
1.576 128.3629967
1.577 127.9712161
1.578 127.8536819
1.579 126.0123131
1.58 122.682178
1.581 121.6635484
1.582 122.6429999
1.583 123.5440953
1.584 122.9172463
1.585 121.1542336
1.586 119.8221796
1.587 118.8819061
1.588 118.5293036
1.589 118.4117694
1.59 118.4117694
1.591 117.5498521
1.592 117.0797154
1.593 115.9827297
1.594 115.3950588
1.595 114.8073879
1.596 114.0630047
1.597 114.1021828
1.598 114.8073879
1.599 114.6898537
1.6 113.6712241
1.601 112.8484848
1.602 110.6545135
1.603 109.71424
1.604 108.5780763
1.605 108.5388982
1.606 107.8336931
1.607 106.8542416
1.608 105.0520509
1.609 103.3673943
1.61 102.7013672
1.611 102.7013672
1.612 102.3879428
1.613 101.6827377
1.614 101.5652035
1.615 100.585752
1.616 99.21451987
1.617 98.97945151
1.618 99.21451987
1.619 98.86191733
1.62 98.07835612
1.621 96.94219237
1.622 96.66794595
1.623 96.70712401
1.624 96.55041177
1.625 96.15863117
1.626 95.96274087
1.627 94.9441113
1.628 94.51315263
1.629 94.98328936
1.63 95.17917966
1.631 94.90493324
1.632 94.23890621
1.633 93.37698889
1.634 92.39753738
1.635 92.39753738
1.636 92.16246902
1.637 91.65315423
1.638 91.61397617
1.639 90.86959303
1.64 89.49836092
1.641 89.26329256
1.642 88.47973135
1.643 88.12712881
1.644 87.26521148
1.645 85.85480131
1.646 84.91452786
1.647 83.66082994
1.648 82.09370752
1.649 81.2317902
1.65 80.64411929
1.651 79.58631167
1.652 79.66466779
1.653 79.31206524
1.654 79.74302391
1.655 79.70384585
1.656 78.88110658
1.657 78.33261374
1.658 78.48932598
1.659 78.84192852
1.66 78.72439434
1.661 77.78412089
1.662 76.60877908
1.663 76.2953546
1.664 76.06028624
1.665 75.43343728
1.666 74.68905413
1.667 74.76741025
1.668 74.72823219
1.669 74.0230271
1.67 73.74878068
1.671 73.90549292
1.672 73.86631486
1.673 73.47453426
1.674 72.73015112
1.675 72.26001439
1.676 72.61261693
1.677 72.69097306
1.678 72.06412409
1.679 72.14248021
1.68 71.71152155
1.681 71.24138482
1.682 71.43727513
1.683 71.47645319
1.684 71.75069961
1.685 71.78987767
1.686 70.92796034
1.687 69.71344047
1.688 68.81234509
1.689 67.98960582
1.69 67.55864716
1.691 67.04933237
1.692 65.87399057
1.693 64.54193652
1.694 63.75837531
1.695 62.89645798
1.696 62.62221156
1.697 62.54385544
1.698 62.5830335
1.699 61.91700648
1.7 61.13344527
1.701 60.50659631
1.702 60.07563764
1.703 60.1148157
1.704 60.1148157
1.705 60.27152794
1.706 60.54577437
1.707 59.9189254
1.708 59.09618614
1.709 59.3312545
1.71 60.03645958
1.711 60.93755497
1.712 61.17262333
1.713 60.310706
1.714 59.37043256
1.715 59.1353642
1.716 59.01783002
1.717 59.44878868
1.718 59.25289838
1.719 58.46933717
1.72 57.52906372
1.721 57.13728312
1.722 57.52906372
1.723 58.54769329
1.724 58.58687135
1.725 57.92084433
1.726 57.2548173
1.727 57.41152954
1.728 58.46933717
1.729 58.66522747
1.73 59.1353642
1.731 58.66522747
1.732 58.19509075
1.733 57.84248821
1.734 57.64659791
1.735 57.52906372
1.736 57.52906372
1.737 56.98057088
1.738 55.96194131
1.739 55.64851683
1.74 54.66906532
1.741 53.65043576
1.742 52.74934037
1.743 52.27920365
1.744 52.35755977
1.745 52.47509395
1.746 51.61317662
1.747 51.18221796
1.748 51.22139602
1.749 50.90797154
1.75 51.1430399
1.751 50.71208123
1.752 50.20276645
1.753 50.12441033
1.754 49.73262973
1.755 49.38002718
1.756 49.41920525
1.757 48.94906852
1.758 48.24386344
1.759 47.30358999
1.76 46.83345327
1.761 47.14687775
1.762 47.42112417
1.763 46.95098745
1.764 46.48085072
1.765 46.32413848
1.766 46.16742624
1.767 46.44167266
1.768 46.48085072
1.769 46.55920684
1.77 46.12824818
1.771 45.65811146
1.772 45.30550892
1.773 45.10961861
1.774 44.95290637
1.775 44.60030383
1.776 44.13016711
1.777 43.42496202
1.778 42.44551051
1.779 42.32797633
1.78 42.28879827
1.781 42.32797633
1.782 42.24962021
1.783 41.93619573
1.784 41.81866155
1.785 41.77948349
1.786 42.24962021
1.787 42.32797633
1.788 42.758935
1.789 42.56304469
1.79 42.28879827
1.791 42.52386663
1.792 42.60222276
1.793 42.758935
1.794 42.28879827
1.795 41.81866155
1.796 41.19181258
1.797 41.27016871
1.798 40.91756616
1.799 40.64331974
1.8 40.52578556
1.801 39.70304629
1.802 39.35044375
1.803 38.91948509
1.804 38.37099224
1.805 37.8224994
1.806 37.94003358
1.807 37.97921164
1.808 38.91948509
1.809 39.50715599
1.81 39.38962181
1.811 39.74222435
1.812 39.58551211
1.813 39.35044375
1.814 39.54633405
1.815 39.42879987
1.816 39.15455345
1.817 38.25345806
1.818 37.11729432
1.819 36.49044535
1.82 36.25537699
1.821 36.05948669
1.822 35.90277445
1.823 35.51099384
1.824 35.43263772
1.825 35.23674742
1.826 34.60989846
1.827 35.08003518
1.828 34.84496682
1.829 34.64907652
1.83 34.06140561
1.831 33.63044695
1.832 33.12113217
1.833 32.72935156
1.834 32.33757096
1.835 32.76852962
1.836 33.08195411
1.837 32.65099544
1.838 33.00359799
1.839 32.6901735
